5.09293031728478,16.9595017812457,33.2051477735029,2,1128.08,1460.49611015491,90.0069331745188,35.4924561583894
5.10575639085761,13.7594465856293,31.1711437241306,2.07509804566316,1128.12075098046,1463.69593157504,90.0069331745188,34.0996844069068
5.12720867208651,13.7594439897592,31.1540123779721,2.14514870446662,1128.1422024675,1463.69574696672,90.0069331745162,34.2596848971181
5.14941345569186,13.759441302831,31.1362857385159,2.22039615628352,1128.16440642906,1463.69555588271,90.0069331745188,34.3991672979839
5.1723334503405,13.7594385293575,31.1179941551158,2.29191461282959,1128.18732557519,1463.69535864393,90.0069331745188,34.5184123654938
5.1960122340555,13.7594356640655,31.0991034521469,2.36779071035473,1128.2110034823,1463.69515487537,90.0069331745188,34.6177287423923
5.22047045049399,13.7594327044569,31.0795978109095,2.44573109715547,1128.23546079327,1463.69494439937,90.0069331745188,34.6973420492448
5.24564234816451,13.759429658488,31.0595303227004,2.51709657824707,1128.26063175905,1463.69472778176,90.0069331745188,34.7573640196966
5.27149488275591,13.7594265301574,31.0389279627042,2.58515775056759,1128.28648333656,1463.69450530691,90.0069331745188,34.7979035704583
5.29813814901809,13.7594233061431,31.0177036816728,2.66422799026564,1128.31312561646,1463.6942760274,90.0069331745188,34.81911301992
5.32557433589684,13.7594199861799,30.9958564984296,2.74351711647846,1128.34056078762,1463.69403992438,90.0069331745188,34.821019123761
5.35377382710575,13.759416573852,30.9734107704781,2.81984472364602,1128.36875923486,1463.69379725271,90.0069331745188,34.8035963257768
5.38273527206135,13.7594130693225,30.9503683563036,2.89603727748304,1128.39771960763,1463.69354802403,90.0069331745188,34.745933313229
5.41242687017867,13.7594094764393,30.9267553474178,2.96904989057444,1128.42741010654,1463.69329251199,90.0069331745188,34.6836773987355
5.4428140295961,13.7594057993887,30.9026000318928,3.03860344552936,1128.457796141,1463.69303101428,90.0069331745188,34.6356095271552
5.47394595746287,13.7594020322162,30.8778641020354,3.11307753327453,1128.48892691633,1463.69276310743,90.0069331745188,34.6143290725344
5.50576305761377,13.7593981821332,30.8525957343233,3.18159222511375,1128.52074283858,1463.69248930432,90.0069331745188,34.6263744741796
5.53823686766692,13.7593942525838,30.8268183286282,3.24726078414071,1128.55321544642,1463.69220984986,90.0069331745188,34.6383997617892
5.57142584372898,13.7593902364947,30.8004863168347,3.31877473739249,1128.58640319379,1463.69192424102,90.0069331745188,34.6503976346301
5.60526806053197,13.7593861413589,30.7736496827905,3.38409639314174,1128.62024415773,1463.69163301069,90.0069331745188,34.6623525217409
5.63987336711329,13.7593819538841,30.7462222209817,3.46040254595266,1128.65484818319,1463.69133521357,90.0069331745188,34.6742574089335
5.67525162810057,13.7593776728765,30.7181971155509,3.53769512498644,1128.69022513444,1463.69103076476,90.0069331745188,34.6860978181931
5.71128929019658,13.7593733120771,30.6896652801295,3.60363279469126,1128.72626146238,1463.69072064146,90.0069331745188,34.6978539469216
5.74794856408884,13.7593688760585,30.6606575186853,3.66579167305422,1128.76291937911,1463.69040516885,90.0069331745188,34.7095101324873
5.78525625367449,13.7593643615774,30.6311535197522,3.73063084189123,1128.80022568753,1463.69008411629,90.0069331745162,34.7210522341259
5.82321021796926,13.7622845638225,30.6029489791157,3.80810144793844,1128.83815272341,1463.68683281862,89.9734178751122,34.7330237167886
5.86185751502899,13.7662911813024,30.5748852381524,3.88220399810796,1128.87676358501,1463.68248909669,89.9274495880923,34.7450113907734
5.90125600294576,13.770375675753,30.5463003528162,3.95766273311689,1128.91612492926,1463.67806094546,89.8805845733036,34.7567919611537
5.94141947287814,13.7745394769224,30.517185806534,4.03450681965369,1128.95625053434,1463.67354681489,89.8328063014502,34.7683388852565
5.9822353438949,13.778770913393,30.487624638429,4.10004190984048,1128.99702792543,1463.66895935839,89.7842485896749,34.7796252171184
6.02370615303502,13.7830702481835,30.4576163641249,4.16583185102998,1129.03845963719,1463.66429829082,89.734908328717,34.7906251245335
6.06583333200374,13.7874376297206,30.4271613329614,4.23176561010962,1129.08054709997,1463.65956345125,89.6847837279746,34.8013115490265
6.10865699468401,13.7918772166647,30.3962320020733,4.30172889485784,1129.12333038985,1463.65475033114,89.6338269706579,34.8116542789336
6.152150915236,13.7963862901477,30.364848814676,4.36905773768482,1129.16678330569,1463.64986187811,89.582069178974,34.8216238929006
6.19624054325068,13.8009571214275,30.3330669889567,4.42889783182265,1129.21083136739,1463.64490647117,89.5295990007116,34.8311946901084
6.24091021690499,13.8055880868225,30.3008991716815,4.48716466214399,1129.25545892788,1463.63988587061,89.4764350233564,34.8403385370792
6.28632647084369,13.8102964512035,30.2682269852327,4.56216025526757,1129.30083236479,1463.63478135896,89.4223789809077,34.8490080007082
6.33241407341103,13.8150744152038,30.2351062316991,4.62959866696023,1129.34687651741,1463.62960139179,89.3675203487785,34.8571733558463
6.37922496825028,13.8199273638906,30.2015012720005,4.70225492918565,1129.39364328041,1463.62434013095,89.3117972391629,34.8647906585301
6.4267676977576,13.8248561828658,30.1674077686676,4.77576929347017,1129.44114118812,1463.61899661634,89.2551994247943,34.8718176392703
6.4751044746794,13.8298673218087,30.1327830250405,4.85553306174564,1129.48943239465,1463.6135638556,89.1976527849969,34.8782006409696
6.52414642302764,13.8349515668259,30.0976926307005,4.92636904613473,1129.53842810778,1463.60805183787,89.139263081967,34.8839079169632
6.57388737222607,13.8401082782052,30.0621428508289,4.99658518289563,1129.58812216277,1463.60246125669,89.0800376332267,34.8888951186431
6.62421280480151,13.8453255837655,30.0262172668042,5.05529779347686,1129.63840015011,1463.59680498311,89.0201127838752,34.8931406215585
6.67515531280098,13.8506068623684,29.9898942772649,5.11728434519733,1129.68929463111,1463.591079354,88.9594497332905,34.896594066208
6.72669625196681,13.8559501811387,29.9531888883605,5.1773980412096,1129.74078697909,1463.58528646485,88.8980706982657,34.8992143416102
6.77885330244123,13.8613573730001,29.9160902509264,5.23928774547696,1129.79289485753,1463.57942432853,88.8359546474245,34.9009498336915
6.83166713547394,13.8668326543966,29.8785712866343,5.30526296411458,1129.84565889934,1463.57348837382,88.7730531705879,34.9017386907971
6.8852417528229,13.8723868073304,29.8405601929813,5.38168538273117,1129.89918300822,1463.56746691158,88.7092424248688,34.9014930009247
6.93955720245628,13.8780177633479,29.8020733623026,5.45610357689539,1129.95344725095,1463.56136218427,88.6445462014354,35.0168525683644
6.99441226453484,13.8837046617162,29.7632553462337,5.51030880602121,1130.00825059739,1463.55519680779,88.5792042340803,35.1279720153499
7.04997919282029,13.8894653602153,29.723986217275,5.58181729547232,1130.06376513892,1463.54895142187,88.5130114084267,35.2348938418214
7.10615340854319,13.8952890170237,29.6843419800745,5.6428206229364,1130.11988639535,1463.54263778052,88.4460923769117,35.3377305252249
7.16309069187361,13.9011917820811,29.644214908319,5.71947240304858,1130.17677,1463.536238375,88.3782616458841,35.4365480488341
7.22068712036129,13.9071628816072,29.6036805735385,5.78568494983257,1130.23431212838,1463.52976488556,88.3096431129549,35.5314539540586
7.27905083194987,13.9132135264086,29.5626652552276,5.86276018534548,1130.29262081649,1463.52320515815,88.2401080516236,35.6225332782978
7.33792315292354,13.9193168994321,29.5213529324781,5.91385109048083,1130.35143763448,1463.51658826612,88.1699647757197,35.7098786039817
7.39740823848025,13.9254837985873,29.4796725108762,5.97540460897476,1130.41086663937,1463.50990250307,88.0990893386931,35.7935627577654
7.45756666711715,13.9317205041289,29.437583831115,6.04304336762129,1130.47096835252,1463.50314106034,88.0274097149501,35.8736710095475
7.51833729467449,13.9380206771593,29.3951319977396,6.10454006407653,1130.53168168744,1463.49631081016,87.9549989247366,35.9502792716071
7.57962917782618,13.9443748894614,29.3523826589297,6.15690130811455,1130.59291578652,1463.48942197402,87.8819655165961,36.0234463982289
7.64159895849812,13.9507993803146,29.3092288244772,6.22499757005642,1130.65482714403,1463.4824569463,87.8081230377451,36.0932756946359
7.7043042198534,13.9573001194438,29.2656330555058,6.29887818437585,1130.71747328883,1463.47540925501,87.7334030773966,36.159868662182
7.76758959569443,13.963860999825,29.2217059119785,6.35715193046027,1130.7806990012,1463.46829636237,87.6579909937803,36.223266077189
7.83151425568163,13.9704881556573,29.1774087447803,6.42136939604269,1130.84456339502,1463.46111161806,87.5818165196481,36.2835619451219
7.89601050407831,13.9771745688316,29.1327909107886,6.47878667945145,1130.90899883838,1463.45386263068,87.5049605786878,36.3408075431103
7.96124287500404,13.9839372968229,29.0877412478911,6.55273176859379,1130.97416971027,1463.44653090759,87.4272273773912,36.3951491376894
8.02699968398012,13.9907543940148,29.0424085664671,6.60541269713359,1131.03986452578,1463.43914024085,87.3488694537085,36.4465724172144
8.09337284027357,13.9976353887659,28.9967319517175,6.66732610900085,1131.10617510755,1463.4316803004,87.2697775886343,36.495192300323
8.16042279729041,14.0045865483618,28.9506725702061,6.73531219530932,1131.17316185197,1463.42414429165,87.1898800657774,36.5411211864586
8.22677411796002,14.018438767814,28.9097626845228,6.81515722414898,1131.2393897643,1463.4097135825,87.0300468361684,36.5874333792697
8.29208804172838,14.0406607801579,28.8752524583443,6.89332625273134,1131.30450727993,1463.38692245202,86.7730799588273,36.6351751853178
8.35812523921785,14.0631288747555,28.8404858776151,6.9696616103623,1131.3703458943,1463.36387893699,86.5130198810804,36.6810825496998
8.42418378806343,14.0856042338089,28.8058350717498,6.97191506343777,1131.43620579582,1463.34082797146,86.2526369773041,36.7246282277027
8.49046488359225,14.1081553107926,28.7711956704158,6.99540296321502,1131.50228757479,1463.31769934882,85.9911473766368,36.7660051900025
8.55648076390921,14.1306161525652,28.736822921217,6.96741176505107,1131.5681049361,1463.29466327237,85.7304861137501,36.8047699826782
8.62251682063967,14.153083859038,28.7025679756215,6.96954121298972,1131.63394241314,1463.2716201554,85.4695380935443,36.8411809909882
8.68866319365181,14.1755890988518,28.6683849172152,6.98118415340083,1131.69988987472,1463.24853854385,85.207957127624,36.8753389769063
8.75485641162603,14.1981102769107,28.6343074701493,6.98612823861651,1131.7658840404,1463.22544058586,84.9460042167916,36.9071904956197
8.82105462496156,14.220633154561,28.6003577960324,6.98665545630967,1131.83188318642,1463.20234088475,84.6838555185252,36.93669558249
8.88706385228785,14.2430917327603,28.5666352973674,6.96670959875803,1131.89769391474,1463.17930712984,84.4222906952038,36.9636240911775
8.95314705904507,14.2655754812715,28.5330057537364,6.97451749520726,1131.96357840002,1463.15624755999,84.1602789529218,36.9882788288852
9.0191661439289,14.2880374133464,28.499539935843,6.96774997969973,1132.02939895625,1463.13321036531,83.8983786205283,37.0104927565738
9.08531987262699,14.3105451558141,28.4661377612957,6.98196048313985,1132.09535375141,1463.11012618701,83.6358118378786,37.0305239117251
9.15149253418063,14.3330593398812,28.4328585793215,6.98395868417807,1132.16132742248,1463.08703540213,83.3730483395392,37.0482315936299
9.21774776545892,14.3556016169698,28.3996711582182,6.99267321269959,1132.22738341498,1463.06391580476,83.1098461513165,37.0637103370402
9.28382233593083,14.3780824271239,28.3667075206427,6.97360600913176,1132.29325928995,1463.04085924852,82.8472622006283,37.0765818776664
9.34989892542404,14.4005639242175,28.3338764550115,6.97381909957971,1132.35913717787,1463.01780198775,82.5845819013803,37.0870996900841
9.41610588688777,14.4230897782776,28.3011150556802,6.98757874643896,1132.42514504571,1462.994699234,82.3213057775251,37.0954667596882
9.48218561544781,14.4455723433882,28.2685512695801,6.97415040123975,1132.49102606325,1462.97164087786,82.0584692470699,37.1012813408435
9.54842576821241,14.4681094902547,28.2360439099188,6.99108180447947,1132.55706702258,1462.9485265421,81.7949391818182,37.1050075563348
9.61470844236121,14.4906611043386,28.2036519297434,6.99556957304012,1132.62315037543,1462.9253973686,81.5311955314843,37.1064642010522
9.68082489943973,14.513156165737,28.1714774251488,6.97802678236621,1132.68906801104,1462.90232619614,81.2680801206369,37.1052835020479
9.74687450119733,14.5356284806875,28.1394717897422,6.9709707747947,1132.75491899238,1462.87927835267,81.0052087884423,37.2069956440415
9.81305407999684,14.5582372765634,28.1076045038258,6.98769083266146,1132.8208987548,1462.85609289922,80.7407025122367,37.3062427108132
9.87916176214676,14.5812872321737,28.076234453052,6.99525410878472,1132.88680277352,1462.83246693025,80.4708915223505,37.4029812531196
9.94521240039855,14.6043172981241,28.0450309750347,6.98921794851311,1132.95264992408,1462.80886134797,80.201315836501,37.4967679534778
10.0110798294515,14.6272834839965,28.0140533758634,6.96983147394843,1133.01831442986,1462.78532124212,79.932502242942,37.5873968086946
10.0772261301638,14.6503469048519,27.983085107787,6.99934057266684,1133.08425694817,1462.76168147141,79.6625768952128,37.6755514779255
10.1432653706356,14.6733729967055,27.952307869092,6.98801188042504,1133.15009273606,1462.73807996254,79.3931267039606,37.7606152581799
10.2091767886449,14.6963545203337,27.9217310490195,6.97448621175718,1133.21580109528,1462.71452413565,79.1242480497056,37.8425512392312
10.2752074404512,14.7193776175529,27.8912404733256,6.98710306172841,1133.28162832097,1462.69092569626,78.854944954762,37.9216734998945
10.3410401497493,14.7423316975883,27.8609828120145,6.96615756645449,1133.34725821396,1462.66739799877,78.5865226986275,37.9975393778174
10.4070775387971,14.7653571439006,27.8307734997907,6.98781597002293,1133.41309215614,1462.64379715157,78.3173514912591,38.0706282769079
10.4730989784028,14.788377029075,27.8007145403149,6.98612826299854,1133.478910198,1462.62020200449,78.04834281062,38.1406250902026
10.5390469537864,14.8113712992681,27.7708322926122,6.97835456886678,1133.54465500197,1462.5966331125,77.7797425833459,38.2074383176892
10.6050190887386,14.8343739932473,27.7410828240752,6.98091103910934,1133.61042389108,1462.57305558622,77.5111648182683,38.271144635594
10.6710240438212,14.8573881307157,27.7114628788959,6.98438393578632,1133.67622549921,1462.54946633047,77.2734574980875,38.3317121305143
10.7369492060838,14.8803744465922,27.6820233007942,6.97594057440059,1133.74194756035,1462.52590559157,77.0870678151004,38.3889981396855
10.8030057161629,14.9034065598895,27.6526704356365,6.98983928215108,1133.80780056464,1462.50229791079,76.9003140446282,38.4431521856018
10.8689962600021,14.9264156725483,27.6234926404138,6.98285899485694,1133.87358780592,1462.47871380542,76.7137579977622,38.4939597640411
10.9348345421206,14.9493716956751,27.5945278087617,6.96674726034049,1133.93922325457,1462.45518411629,76.5276475159778,38.5413311566493
11.00098031632,14.97243493295,27.5655746555696,6.99928485917742,1134.00516524798,1462.43154453374,76.3406869906253,38.5855433978052
11.0669399922333,14.9954332828001,27.5368500999044,6.9795926727273,1134.07092171644,1462.40797146014,76.1542755549827,38.6262112487537
11.1329005226717,15.0184319306003,27.5082725674928,6.97968309522723,1134.13667903679,1462.38439808115,75.9678887016945,38.6634181347484
11.1990366360295,15.0414917994015,27.4797674109305,6.9982625870395,1134.20261139912,1462.36076195126,75.7810367606596,38.6971919955251
11.2650254342819,15.0645003034215,27.451474357566,6.9826742837741,1134.26839690019,1462.33717846974,75.5946359696994,38.7273269770433
11.3309827098008,15.0874978163193,27.4233436163862,6.97933867247659,1134.33415097565,1462.31360625401,75.4083630384168,38.7538352849203
11.3969561825196,15.1105009767416,27.3953552415481,6.98105259628152,1134.3999211984,1462.29002824963,75.222087111837,38.7766800642258
11.4663844912262,15.1182948489107,27.3539885840213,6.98082507487736,1134.46927884999,1462.28162880563,75.2153323097267,38.796711053288
11.535758223716,15.1260639004237,27.312756589129,6.9749209659989,1134.53858214404,1462.2732546576,75.208798585628,38.8137277058219
11.6052351433443,15.1338445076968,27.2715798734098,6.9852955286717,1134.60798852045,1462.26486805378,75.2022553700446,38.8276955777491
11.6747953019652,15.1416344367692,27.2304712594058,6.99366448005312,1134.67747805134,1462.25647140213,75.1957045427374,38.8385406214413
11.7442212608353,15.1494093370298,27.189559650802,6.98017187094199,1134.74683351874,1462.24809094982,75.1891665809048,38.8461997852744
11.8136755426299,15.1571874091285,27.1487495387074,6.9830194928369,1134.81621728031,1462.23970707863,75.1826261791497,38.8506189697231
11.8829884755831,15.1649496518004,27.1081408627648,6.96880810527946,1134.88545983655,1462.23134026975,75.1760993147971,38.8517582663621
11.9525070845442,15.1727349277939,27.0675310104277,6.9894870258111,1134.95490785997,1462.22294863359,75.1695533106685,38.849501140904
12.0218329554408,15.180498619365,27.0271532871715,6.97010890215519,1135.02416334102,1462.21458026296,75.1630256824106,38.8862135867725
12.0912136688108,15.1882684526555,26.9868636742522,6.97562283232459,1135.09347360886,1462.20620527226,75.15649311766,38.9226508445364
12.1606045637314,15.1960394261615,26.9466888139272,6.97664649803541,1135.16279404791,1462.19782905254,75.1499598219592,38.9588160236879
12.230077564905,15.2038195946131,26.9065878468632,6.98490156237967,1135.23219650985,1462.18944292173,75.1434190240645,38.9946828921209
12.2994920280718,15.2115932074885,26.8666425600463,6.97901607869542,1135.30154049322,1462.18106385707,75.1368839657333,39.0302807189507
12.3687987749465,15.2193547573914,26.8268813588829,6.96818614928052,1135.37077686966,1462.17269779492,75.1303592762183,39.0656186290048
12.4383370737372,15.227142238417,26.7871104800205,6.99146666567423,1135.44024456292,1462.16430378198,75.123813016833,39.1005906266623
12.5076594887185,15.2349055429658,26.7475864125227,6.96976144012646,1135.50949659156,1462.15593582852,75.1172873089211,39.1353213611727
12.5771409149121,15.2426866549217,26.7080958083532,6.98574862434063,1135.57890746996,1462.14754868071,75.1107468613905,39.1696882786633
12.6465843228067,15.25046350927,26.6687515269413,6.98192621745518,1135.64828036867,1462.13916612212,75.1042102218414,39.2037443141412
12.7158679271817,15.2582224674821,26.6296225856211,6.96585937373457,1135.71749362611,1462.13080285351,75.0976888529725,39.237525980417
12.7852800208518,15.2659958150014,26.5905466347373,6.97877784654149,1135.78683524239,1462.12242407488,75.0911556190212,39.2709249260274
12.8547504034625,15.2737756902045,26.5515642564482,6.98463828881853,1135.85623508843,1462.11403826015,75.0846171284923,39.3039538954258
12.9242923959903,15.2815635848857,26.5126688891442,6.99183803856489,1135.92570647167,1462.10564380134,75.078072128438,39.3365959338119
12.9938976619393,15.2893585654544,26.473866127375,6.99819962667767,1135.99524106409,1462.09724170476,75.0715214042805,39.3688418518459
13.0634271480835,15.297145059566,26.4352340170716,6.99058063125471,1136.06469995365,1462.0888487556,75.2116411882501,39.4007389244509
13.1328944380199,15.3049245884254,26.396765191603,6.98432734751841,1136.13409671015,1462.08046331419,75.3853482218428,39.4322748229327
13.2023185018116,15.3126992764593,26.3584494158979,6.97998133742833,1136.20345028439,1462.07208309064,75.5589843757103,39.4634337280417
13.2717366200068,15.3204732986555,26.3202665410476,6.97938355976832,1136.27279791908,1462.06370358478,75.7326396739667,39.4941896062277
13.3412466361716,15.3282576123556,26.2821635561298,6.98862309540855,1136.34223735842,1462.05531298586,75.9065557546478,39.5244834631783
13.4108007837241,15.3360468682583,26.2441675971117,6.99306011980865,1136.41172088435,1462.04691705981,76.0806099954046,39.5543242409837
13.4802645232445,15.3438259995124,26.2063525985668,6.98397038429859,1136.48111409404,1462.03853204697,76.2544624951414,39.5837703474936
13.5495616013318,15.3515864666236,26.1687599098015,6.96721403744654,1136.55034081151,1462.03016715194,76.4279190883761,39.6128576499054
13.6191622318076,15.3593809280733,26.1311354089759,6.99773357044673,1136.61987077316,1462.02176561491,76.6021536197142,39.641314574451
13.6886233478181,15.3671597655248,26.0937196505932,6.98370661335881,1136.68926136201,1462.01338091876,76.7760537995559,39.6693741929809
13.7579416095622,15.3749226049594,26.0565141935079,6.96934386853827,1136.75850924163,1462.00501346664,76.9496079832649,39.6970346303879
13.8276736241627,15.3797313686413,26.0168712773958,6.99543580189929,1136.8281966372,1461.99959636716,77.1577218260972,39.7255245093169
13.8975761966814,15.3801219396631,25.9737833712615,6.98965025110636,1136.89809313971,1461.99859580373,77.4159262198332,39.7558305412727
13.9675592341843,15.380512960272,25.9307629165284,6.99769605078851,1136.96807010022,1461.99759408854,77.6745565083873,39.7856991694279
14.0374951930333,15.3809037178354,25.8878889843902,6.99298859422561,1137.03799998616,1461.99659304723,77.9331309978745,39.8151959546731
14.1074168655936,15.3812943955761,25.8451419017804,6.99156008940423,1137.10791558706,1461.99559221041,78.1917603191626,39.8442918331829
14.1773507808344,15.3816851417211,25.8025060319539,6.9927842511714,1137.17784342957,1461.99459119835,78.4505321115961,39.8729594418822
14.247145445788,15.3820751098243,25.7600739981212,6.97886043158942,1137.24763203389,1461.99359217947,78.70887508261,39.9012894201883
14.3168174557483,15.3824643926097,25.7178356288456,6.96659599738661,1137.31729799386,1461.99259491624,78.9668397338741,39.9292664760385
14.3865927500812,15.3828542524821,25.6756544888294,6.97692353772698,1137.38706722924,1461.99159617463,79.2252521235886,39.9567253888077
14.4562688164955,15.3832435579321,25.6336536031645,6.96700160753797,1137.45673724531,1461.99059885334,79.4833517951728,39.9837965499415
14.5261498188754,15.3836340084339,25.5916504903,6.98749342453317,1137.52661217956,1461.98959859866,79.7422550597916,40.0102460392301
14.596059878201,15.3840246212871,25.5497520738893,6.99039886677871,1137.59651616822,1461.98859792806,80.0012999623036,40.0361846930608
14.6659425893256,15.3844150813363,25.5079927646624,6.98766428416478,1137.66639281107,1461.98759764892,80.2602669239367,40.061642465918
14.7358042968704,15.3848054240307,25.4663692472844,6.98556410857476,1137.73624845215,1461.98659767042,80.5225519122986,40.0866027881737
14.8055796009114,15.3851952839575,25.4249208067464,6.9769245084771,1137.80601769724,1461.98559892867,80.7871244159851,40.1111079088926
14.8753652390019,15.3855852016242,25.3835903817067,6.97795782366768,1137.87579727547,1461.984600039,81.0517176586017,40.1350672265845
14.9451094530068,15.3859748878397,25.3424091496759,6.9738157748396,1137.94553543322,1461.98360174226,81.3161241416773,40.1585113662703
15.0151051011012,15.3863659789084,25.3012053656943,6.99895700046793,1138.01552500323,1461.98259984658,81.5814426511545,40.181165866869
15.0849964156761,15.3867564870283,25.2601894684459,6.98852455447661,1138.08541024877,1461.98159944429,81.8463131988552,40.2033261967636
15.1546924577579,15.3871459040895,25.2194146271951,6.96899900081567,1138.15510023878,1461.98060183707,82.1103802365599,40.225070456162
15.2246896260338,15.3875370036523,25.1785913371326,6.99910900540301,1138.22509132883,1461.97959991963,82.3755131035683,40.2459158402265
15.2945145130178,15.3879271406168,25.1379966683692,6.98188237221795,1138.29491015256,1461.97860046816,82.6399071857899,40.2662951196436
15.3643712694107,15.3883174556474,25.0975121677808,6.98506903636502,1138.36476084292,1461.97760056053,82.9043245355198,40.2859965493683
15.4342600743212,15.3887079497448,25.0571385326118,6.98827360984287,1138.43464357902,1461.97660019417,83.1687544867846,40.3050007209773
15.5039239984988,15.3890971873518,25.017024274613,6.96578748929081,1138.50430145391,1461.97560304667,83.4322142538142,40.3235639517705
15.5737781948785,15.3894874880786,24.9769308682447,6.98481305728317,1138.57414958448,1461.97460317568,83.6962628595102,40.3412296830649
15.6435293306445,15.3898772129683,24.937027546201,6.97450789084891,1138.64389466339,1461.97360477987,83.9597801923027,40.3582956933785
15.7132245170939,15.3902666252491,24.8972875379571,6.96891344500706,1138.71358379784,1461.9726071849,84.2229337071841,40.3746978414176
15.7830957251261,15.3906570210262,24.8575795464895,6.98651407482335,1138.78344893859,1461.97160707041,84.4865878667489,40.3901467703102
15.8528616925794,15.3910468287859,24.81806424891,6.97599093076307,1138.8532088479,1461.9706084623,84.7496701364793,40.4049502232605
15.9228523769326,15.3914378921206,24.7785557389821,6.99846066943836,1138.92319345459,1461.96960663766,85.0134133340899,40.4186859063828
15.992841405823,15.3918289462056,24.7391830837992,6.99829513753182,1138.99317640597,1461.96860483672,85.2769525831055,40.4316023613985
16.0625152928442,15.3922182394787,24.700122361817,6.96678368716733,1139.06284424284,1461.96760754663,85.539097984496,40.4440904820992
16.1323816156612,15.3926086079602,24.6610893005784,6.98602559569408,1139.1327044988,1461.96660750206,85.8017490397086,40.455476513589
16.2020496199483,15.3929978683644,24.622302831975,6.96619546483271,1139.20236645344,1461.96561029617,86.06342611294,40.4662588631512
16.2720173723428,15.3933888035698,24.5834866103005,6.99616767267813,1139.27232813017,1461.96460879977,86.3259887743025,40.4757312854205
16.341984006854,15.3937797325293,24.5448090774395,6.99605589408311,1139.34228868911,1461.96360731938,86.5882957817773,40.4842758043544
16.4119831477288,15.3941708431136,24.5062523931283,6.99930624816217,1139.41228175159,1461.9626053737,86.7803388904932,40.4918189435505
16.4819847362936,15.3945619673739,24.4678338745148,6.99955099589075,1139.48227726155,1461.96160339298,86.865391731821,40.4983786860837
16.5519051285066,15.394952637961,24.4295998488997,6.9914320658124,1139.55219158221,1461.96060257449,86.9503466879863,40.5040604978673
16.6218574641679,15.3953434870276,24.3914889595301,6.99462613323703,1139.62213784354,1461.95960129876,87.0353408517595,40.5086673338584
16.6916562152766,15.3957334779615,24.3536025753157,6.97926901162951,1139.69193053366,1461.9586022214,87.1201484275671,40.5124736888094
16.7615812096268,15.3961241742622,24.3157893847029,6.9918922395783,1139.76184945606,1461.95760133703,87.2051090414461,40.5150015711647
16.8315530739397,15.3965151324425,24.2780934999522,6.99657882881118,1139.83181524434,1461.95659978178,87.2901258777186,40.5163451482942
16.9012331899273,15.396904460519,24.2406972572202,6.96740652970388,1139.90148930964,1461.95560240252,87.3747871426126,40.5170676198981
16.971142597653,15.3972950697317,24.2033214946295,6.99033371245838,1139.97139264677,1461.95460174125,87.459725528295,40.5162371356888
17.0408229390849,15.397684399068,24.1662119278163,6.96742907215725,1140.04106693749,1461.95360435877,87.5443837692387,40.7054592477884
17.1107798397423,15.3980752736409,24.1291000911496,6.99508259323426,1140.11101776342,1461.9526030177,87.6293758014084,40.8858478717916
17.1806206509026,15.3984654995796,24.0921954506766,6.98347465156577,1140.18085250993,1461.9516033383,87.7142242081199,41.0582172328567
17.2504400748697,15.3988556060204,24.0554482045078,6.98133611797355,1140.25066587111,1461.95060396504,87.7990436772038,41.2225364804074
17.3203351867524,15.3992461353569,24.0188081025513,6.98890425227233,1140.32055491364,1461.94960350839,87.8839517636263,41.3788059823507
17.3902518276086,15.3996367849838,23.9823045166721,6.99105696270824,1140.39046548326,1461.94860274359,87.9688822957435,41.527230266378
17.4602428326877,15.4000278501104,23.9459108429903,6.99849273922504,1140.46045041066,1461.94760091437,88.0538990733603,41.6678733614721
17.5299850378603,15.4004175251016,23.9097952386561,6.97361490905169,1140.53018655975,1461.94660264638,88.1386091987833,41.8011530195457
17.599911814436,15.4008082313603,23.8737337570499,6.99207044661744,1140.60010726421,1461.9456017365,88.2235386864652,41.9267403492412
17.6698155002165,15.4011988086025,23.8378346883022,6.98976156763267,1140.67000487989,1461.94460115714,88.3084349315968,42.044925788655
17.7395484821822,15.4015884320605,23.8021738917256,6.97269266844145,1140.73973180657,1461.94360302117,88.3931183128816,42.1558680613395
17.8095278709314,15.4019794322825,23.7665389883524,6.99733120712219,1140.80970511865,1461.94260135822,88.4780949861818,42.2593940366362
17.8792653238818,15.4023690807214,23.731179346902,6.9731397281005,1140.87943651593,1461.94160315826,88.5627715812614,42.3558267627936
17.9490202660669,15.4027588268791,23.6959633755511,6.97488849969464,1140.94918540092,1461.94060470796,88.6474627577452,42.4450875118578
18.0188510973462,15.4031489970565,23.6608625798733,6.98247675014194,1141.01901016842,1461.93960517141,88.732239037002,42.5272322603486
18.088799809258,15.4035398258759,23.6258571783128,6.99426378974691,1141.08895280632,1461.93860394756,88.817150997155,42.6023374005418
18.1585154766758,15.4039293525912,23.591123091995,6.97096136400127,1141.15866241996,1461.93760605943,88.9017722929274,42.670460778615
18.2284229083013,15.4043199507627,23.5564492205192,6.99013611959876,1141.22856378116,1461.93660542645,88.9866181962539,42.7316491950399
18.2983761726082,15.404710805018,23.521909430023,6.99471898975084,1141.29851097106,1461.93560413743,89.0715111790013,42.7859592940911
18.3680935132859,15.4051003410824,23.487642888236,6.97112867546966,1141.36822225781,1461.93460622535,89.1561089767606,42.8333233022722
18.4379392061642,15.4054905942971,23.4534708773414,6.98396278098575,1141.43806188562,1461.93360647607,89.2408532678061,42.8738802002066
18.5076886160408,15.4058803095436,23.4195040970832,6.97433531687246,1141.50780523879,1461.93260810497,89.3254711261913,42.9075533162577
18.5775420426122,15.4062706059693,23.3856457219453,6.9847360831406,1141.57765259962,1461.931608245,89.4102051792053,42.9344772788318
18.6472688561474,15.4066601949619,23.3520081521321,6.97207587896264,1141.64737335841,1461.93061019732,89.4947753043339,42.9545022292411
18.7171380113452,15.4070505792692,23.3184623849833,6.98630880919634,1141.7172364465,1461.92961011222,89.5795073392084,42.9678545971362
18.7868348517995,15.4074400007914,23.2851600816211,6.96907883114298,1141.78692723481,1461.92861249357,89.6640193326181,42.9742440922457
18.8565798695428,15.4078296914976,23.2519961491707,6.97389614168555,1141.85666619623,1461.92761418533,89.6798710336362,42.9738745250055
18.926585105201,15.4082208361356,23.2188715300472,6.99991567358491,1141.92666535297,1461.92661215241,89.6798710336388,42.996814514961
18.9964750160581,15.4086113364122,23.1859651244662,6.98838419489213,1141.99654919491,1461.92561177022,89.6798710336388,43.0189199268629
19.0664453353912,15.4090022859601,23.1531853513142,6.99642434425186,1142.06651343836,1461.92461023708,89.6798710336388,43.0404529563258
19.1364123558898,15.4093932170762,23.1205723975532,6.9960944894678,1142.13647438325,1461.92360875116,89.6798710336362,43.0613258318688
19.2063044299496,15.4097837294393,23.0881600813363,6.98860049638431,1142.20636038822,1461.922608338,89.6798710336388,43.0814545339257
19.2760760230143,15.4101735686316,23.0559695212723,6.97655344306724,1142.27612592265,1461.92160964937,89.6798710336361,43.10078133814
19.3458746444034,15.4105635588407,23.0239330237525,6.97925604079152,1142.34591848305,1461.92061057386,89.6798710336388,43.1195266789668
19.415658737176,15.4109534678732,22.9920704034153,6.9778033053223,1142.41569651611,1461.91961170631,89.6798710336388,43.1376470580968
19.4855180362341,15.4113437971107,22.9603416039529,6.9853232808027,1142.48554974892,1461.91861176229,89.6798710336362,43.1552967529296
19.5554512951382,15.4117345395885,22.9287484299266,6.99271862318623,1142.55547693515,1461.91761075962,89.6798710336362,43.1724987417058
19.6254387873444,15.4121255850875,22.8973009600809,6.99814148244215,1142.62545834997,1461.91660898068,89.6798710336362,43.1892454524902
19.6951460139526,15.4125150646409,22.8661493683993,6.97011735635344,1142.69515952354,1461.91561121336,89.6798710336362,43.2049996120488
19.7650786009162,15.4129058033643,22.8350681930764,6.99265143496334,1142.76508603789,1461.91461022032,89.6798710336362,43.2206099028666
19.8350396119922,15.4132967009036,22.8041465941808,6.99549359939178,1142.83504097388,1461.91360882041,89.6798710336388,43.2357735312703
19.9049379933764,15.4136872485081,22.7734253900786,6.98923117403407,1142.90493328562,1461.91260831697,89.6798710336362,43.2503465388935
19.9747133329587,15.4140771086334,22.742931142524,6.97692806228762,1142.97470256624,1461.91160957472,89.6798710336362,43.2642268052196
20.0443741148049,15.414466328683,22.7126599554279,6.96547328346409,1143.04435729908,1461.9106124722,89.6798710336388,43.2774312738334
20.1142054119722,15.4148565014638,22.6824888540045,6.98252333489363,1143.11418253243,1461.90961292898,89.6798710336362,43.2905049286899
20.1840011098281,15.4152464753381,22.652508092056,6.9789637128613,1143.18397216955,1461.90861389532,89.6798710336362,43.3030821365817
20.2538550034655,15.4156367743734,22.6226781614517,6.98478278569528,1143.25381999741,1461.90761402867,89.6798710336362,43.3153596635017
20.3237725876374,15.4160274292707,22.5929978738655,6.9911512860714,1143.32373151027,1461.90661325036,89.6798710336388,43.3273701569229
20.3936674519773,15.4164179572242,22.5635047638275,6.9888795001572,1143.39362030527,1461.90561279727,89.6798710336388,43.3389578428355
20.4633929930537,15.4168075391072,22.5342606555858,6.97194864411955,1143.46333979172,1461.90461476781,89.6798710336388,43.3498275564773
20.5332910625787,15.4171980849693,22.5051228778411,6.98919999082573,1143.53323179162,1461.90361426883,89.6798710336362,43.3607037419069
20.603010905336,15.4175876350138,22.4762383169137,6.97137886170996,1143.60294558024,1461.90261632094,89.6798710336362,43.3708588204382
20.6728946164836,15.4179781006502,22.4474658826749,6.98776427777484,1143.67282322302,1461.90161602748,89.6798710336388,43.3810423993465
20.7426939447245,15.4183680948088,22.4189087837956,6.97932671985705,1143.74261649022,1461.90061694186,89.6798710336388,43.3907293639954
20.8126891113595,15.4187591831877,22.3904535002206,6.99890885868925,1143.8126055788,1461.89961505306,89.6798710336362,43.4005639896419
20.8826829579612,15.4191502641908,22.3621816367871,6.99877686682506,1143.88259334747,1461.89861318317,89.6798710336388,43.4101242703939
20.952370156058,15.4195396318377,22.3342160052504,6.96811467911932,1143.95227449426,1461.89761570254,89.6798710336388,43.4187038656178
21.0221423485008,15.4199294743789,22.3063992555767,6.97661337566562,1144.02204062802,1461.89661700532,89.6798710336362,43.4272197789333
21.0920160207039,15.4203198839242,22.2787262368652,6.98676047051442,1144.09190823272,1461.89561685556,89.6798710336388,43.4357347927031
21.1617145851793,15.4207093150791,22.2513068830753,6.9692512182775,1144.16160074491,1461.89461921224,89.6798710336388,43.4435905365572
21.231401353672,15.4210986803256,22.2240768881855,6.96807172245695,1144.23128146213,1461.89362173776,89.6798710336388,43.4511896633424
21.3011430798323,15.4214883526406,22.197011020734,6.97356701197335,1144.30101713225,1461.89262347663,89.6798710336362,43.4587132985196
21.3709015400946,15.4218781184551,22.1701250811938,6.975240276861,1144.37076953502,1461.89162497598,89.6798710336362,43.4660814920424
21.440563679939,15.4222673460923,22.143463000905,6.96560907148407,1144.44042562574,1461.89062785403,89.6798710336388,43.4730129139555
21.5103976916114,15.4226575340398,22.1169231157336,6.98279476182186,1144.51025357335,1461.88962827196,89.6798710336388,43.4802200455593
21.5802744083813,15.4230479605963,22.0905560599768,6.98706490075449,1144.58012422236,1461.88862807862,89.6798710336388,43.4873864161391
21.6502304887707,15.423438830586,22.0643491759295,6.99500057352008,1144.6500742281,1461.88762674929,89.6798710336388,43.4946279842116
21.7200563126702,15.4238289727856,22.0383814599654,6.98197605563444,1144.71989398865,1461.88662728442,89.6798710336362,43.5013870608857
21.7899897263424,15.4242197161281,22.0125650414993,6.99273409865797,1144.78982132964,1461.88562627953,89.6798710336388,43.5083248667852
21.8598081646021,15.4246098170613,21.9869827237909,6.98123755576438,1144.8596337052,1461.88462692038,89.6798710336388,43.5148350974288
21.9295036070964,15.4249992307728,21.9616371339875,6.96893904729048,1144.92932309567,1461.88362932174,89.6798710336362,43.5208938087608
21.9992895271151,15.4253891500147,21.9364511715197,6.97798601406394,1144.99910295581,1461.88263042804,89.6798710336362,43.5271166627647
22.0689762825161,15.4257785151881,21.9114939052273,6.96807041338994,1145.06878365994,1461.88163295374,89.6798710336388,43.5329683508792
22.1387720934403,15.4261684896941,21.8866914669222,6.97897501871339,1145.13857341013,1461.88063391846,89.6798710336388,43.5390656740103
22.2087524105843,15.4265594951035,21.8620189325364,6.99742403853685,1145.20854765052,1461.87963224222,89.6798710336362,43.5456556083059
22.2785837200905,15.4269496679531,21.8375946959536,6.98252456867951,1145.2783728962,1461.87863269883,89.6798710336362,43.5517566447098
22.3482886202885,15.427339134508,21.8134103513093,6.96988473552046,1145.34807174356,1461.87763496482,89.6798710336362,43.5574327448833
22.4180562990897,15.4277289518298,21.789400643735,6.97616205071681,1145.41783336407,1461.87663633221,89.6798710336362,43.5632659421581
22.4878479267413,15.4281189029623,21.7655799528828,6.97855672778212,1145.48761893134,1461.87563735681,89.6798710336388,43.5691501875753
22.5575363323945,15.4285082773564,21.7419919943332,6.96823542426922,1145.55730128559,1461.8746398589,89.6798710336362,43.5746951980246
22.6275241378701,15.4288993246057,21.7185019730313,6.99817280668649,1145.62728301365,1461.87363807547,89.6798710336362,43.5811836220551
22.6973188676849,15.4292892930713,21.6952762771132,6.97886691716732,1145.69707168283,1461.87263905566,89.6798710336362,43.5870663535544
22.7670419231881,15.4296788610664,21.6722740132922,6.9717001083924,1145.76678868391,1461.87164106178,89.6798710336362,43.5927280629922
22.8368437328771,15.4300688690898,21.6494462216237,6.9795748431026,1145.83658443234,1461.87064194064,89.6798710336362,43.5986636355265
22.906741092385,15.4304594109846,21.6267887970995,6.98912899529096,1145.90647572229,1461.86964145183,89.6798710336388,43.6049435329936
22.9767387266024,15.4308505131508,21.6043016921427,6.99915559550049,1145.97646727825,1461.86863952771,89.6798710336362,43.6115993757906
23.0466220134359,15.4312409764166,21.5820544263153,6.98772185006877,1146.04634449675,1461.86763924033,89.6798710336362,43.6179236857508
23.1166268595124,15.4316321188778,21.5599725610295,6.99987671877723,1146.11634326394,1461.86663721299,89.6798710336362,43.6247149334821
23.1866101304489,15.4320231407909,21.5381023105639,6.99771939214435,1146.18632045786,1461.86563549447,89.6798710336388,43.6314994271182
23.2565861135782,15.4324141219845,21.5164397077179,6.99699067471432,1146.2562903646,1461.86463388026,89.6798710336388,43.6383307785697
23.3262446065715,15.4328033292456,21.4950799706107,6.9652444180171,1146.32594280879,1461.86363681051,89.6798710336362,43.6441339997739
23.3962475398965,15.4331944610197,21.4738208625332,6.99968546025688,1146.39593966339,1461.86263481054,89.6798710336388,43.6512117843072
23.4659916611695,15.4335841467169,21.4528465722586,6.97380650245002,1146.46567772841,1461.86163651514,89.6798710336388,43.6574640384759
23.5358679021569,15.433974570615,21.4320395793519,6.9870173266239,1146.53554790168,1461.86063632861,89.6798710336388,43.6642681633725
23.6057243480219,15.4340701351069,21.4111649239351,6.98699852666468,1146.60540085368,1461.859931163,89.6832482217588,43.6709284666793
23.6753313693441,15.4336513306534,21.3900804110297,6.96547032621456,1146.67500887929,1461.85974252336,89.6925031520359,43.6764979472072
23.7450901505396,15.4332316131064,21.3691565434794,6.98065670931828,1146.74476866696,1461.85955347245,89.7017784759166,43.682712416139
23.8148871732769,15.4328116654718,21.3484288235911,6.98448348311242,1146.81456669673,1461.85936431789,89.7110591000751,43.6891728080765
23.8845913832675,15.4323922762633,21.3279365312425,6.97519585063565,1146.88427191242,1461.85917541487,89.7203275980405,43.6954029587881
23.9544599465383,15.4319718981908,21.3076049847576,6.99164243710227,1146.95414148375,1461.85898606644,89.7296181647648,43.7023552956618
24.0242964443277,15.4315517130467,21.2874925340722,6.98843369243201,1147.02397898914,1461.85879680491,89.7389046821654,43.7093114143929
24.0942171050133,15.4311310215198,21.2675665373645,6.99685574736679,1147.09390065864,1461.85860731529,89.7482026054929,43.7167098292536
24.1639338254176,15.43071155704,21.2479091470449,6.97644774896093,1147.16361838492,1461.85841837836,89.7574736222705,43.7234686812946
24.2337745044603,15.4302913467385,21.228428132531,6.98885210418957,1147.23346007162,1461.8582291055,89.7667613360635,43.7308259001239
24.3036429609767,15.4298709693082,21.2091515940316,6.99163175435271,1147.3033295362,1461.85803975735,89.7760529565024,43.7384240689651
24.3735660410473,15.4294502632247,21.1900730803843,6.99709785158513,1147.37325362512,1461.85785026118,89.785352053664,43.7463708360971
24.4435111258605,15.429029424745,21.1712024185102,6.99929983319598,1147.4431997191,1461.85766070537,89.7946542894327,43.7545452696979
24.5132286638334,15.4286099553462,21.1526065628576,6.97652956184349,1147.51291826296,1461.85747176622,89.8039264736705,43.7619777950741
24.5829607604597,15.4281903983522,21.134220522036,6.97798642448382,1147.58265136568,1461.85728278763,89.8132008041073,43.769604147876
24.6526080503901,15.4277713516148,21.1160707295795,6.9694999454834,1147.65229966048,1461.85709403886,89.8224640644062,43.7770351130895
24.7223239628514,15.4273518919961,21.0981176807915,6.97636689932318,1147.7220165788,1461.85690510412,89.8317366604848,43.7848741930772
24.7920246967295,15.4269325237024,21.0803837509512,6.9748480012652,1147.79171831832,1461.85671621052,89.8410074460952,43.7927928424366
24.8616962635154,15.4265133308983,21.062872836955,6.97192929404089,1147.86139089033,1461.85652739596,89.8502745599732,43.800734762738
24.9315515178462,15.4260930329017,21.0455326994829,6.9903106314328,1147.93124715253,1461.8563380836,89.8595663144276,43.809553858971
25.0012556140429,15.4256736443779,21.0284471434001,6.97518446343136,1148.00095225442,1461.85614918088,89.8688381698287,43.8179087062068
25.0710708662034,15.4252535870623,21.0115522154312,6.98630767418537,1148.07076851387,1461.85595997693,89.878125017847,43.8268541289518
25.1409826229975,15.4248329491076,20.9948529613561,6.99596474825521,1148.14068127935,1461.85577051144,89.8874249099996,43.8363355649767
25.2107381425151,15.4244132511851,20.9784099920548,6.98033031811006,1148.2104378053,1461.85558146936,89.8967042249806,43.8453239969845
25.2803879905864,15.4239941890559,20.9622106695356,6.96975593483308,1148.28008865828,1461.85539271366,89.9059696877339,43.8540179921791
25.3502969878352,15.4235735677045,20.946171377528,6.9956886046927,1148.34999866418,1461.85520325565,89.9152698302454,43.8639135486199
25.4199022898889,15.4231547735953,20.9304215423482,6.96529828158556,1148.4196049705,1461.85501462068,89.924529775463,43.8726946380045
25.4896935698757,15.4227348605129,20.9148503049013,6.98390881466563,1148.48939725743,1461.85482548169,89.9338146660737,43.8823767768541
25.5593610867474,15.4223156920761,20.8995275588878,6.97152402520529,1148.55906577947,1461.8546366781,89.9430832945518,43.8916768534986
25.6291591130412,15.4218957384033,20.8843978991334,6.98458390749875,1148.62886481281,1461.85444752083,89.9523694890917,43.9016490125548
25.6990208014307,15.4214754016948,20.8694772250901,6.9909544780571,1148.69872750916,1461.85425819103,89.9616643564345,43.9120158015351
25.7689546378549,15.4210546308934,20.8547648534924,6.99817422377761,1148.76866235459,1461.85406866571,89.9709690257195,43.9228121632899
25.8385668945853,15.42063579494,20.8403428897038,6.96599422565429,1148.83827561568,1461.85388001188,89.9802311100617,43.9323794130974
25.9083424660565,15.4202159763711,20.826110580152,6.98233688706416,1148.90805219388,1461.85369091546,89.989515124708,43.9427504364998
25.9782682301139,15.4197952541388,20.8120725697817,6.99736643409589,1148.97797896682,1461.85350141201,89.998819324558,43.9538715712002
26.0478975028852,15.419376315805,20.7983182799514,6.96769699537545,1149.04760924421,1461.85331271208,90.0080842735284,43.9638482918754
26.1175300404773,15.4189573578277,20.7847875275978,6.96802370112156,1149.11724278646,1461.85312400329,90.0173498557605,43.9739424289017
26.1871625692618,15.4185383999036,20.7714814026727,6.96802281971788,1149.1868763199,1461.85293529453,90.0266156351857,43.984136108997
26.2570847701482,15.4181176991097,20.7583463886831,6.99700987294316,1149.25679952962,1461.85274580073,90.0359201594876,43.995662579434
26.326928544133,15.417697470187,20.7454530898697,6.98916181039182,1149.32664431131,1461.85255651948,90.0452144462634,44.006949072575
26.3968186348286,15.4172769625904,20.7327787456829,6.99379665426095,1149.39653541038,1461.85236711271,90.0545150948453,44.0185234997852
26.4666363193118,15.4168568906402,20.7203451755247,6.98655107306316,1149.46635410219,1461.85217790216,90.0638063055407,44.0298720270175
26.536583264602,15.4164360409666,20.7081171548239,6.99948600835749,1149.53630205668,1461.85198834131,90.073114915594,44.0418548325804
26.6062894306614,15.4160166399891,20.6961592299816,6.97539159148815,1149.60600922846,1461.85179943299,90.0823916787422,44.0528759233101
26.6759137567572,15.4155977314181,20.6844429483513,6.96720198897761,1149.67563455909,1461.85161074645,90.0916577453926,44.063610526329
26.7455459095654,15.415178775756,20.6729532450693,6.96798519633827,1149.74526771655,1461.85142203871,90.100925048194,44.0744387006017
26.8154213710047,15.4147583561792,20.6616528812543,6.99233272650512,1149.81514418616,1461.85123267158,90.1102249278641,44.086372414602
26.8851665914428,15.4143387202233,20.6506032005623,6.97929970466299,1149.88489041288,1461.85104365742,90.1195076678523,44.0977933425187
26.9548595776011,15.4139193985454,20.6397913119885,6.97407269852934,1149.95458440457,1461.85085478481,90.1287836492205,44.1090314142291
27.0247901793635,15.4134986472061,20.6291735291625,6.9978505360079,1150.02451601529,1461.85066526825,90.1380914506262,44.1213352240059
27.0945681032072,15.4130788144835,20.6188098878965,6.98257228546776,1150.09429494589,1461.85047616546,90.1473791236699,44.1330089438061
27.1642672624674,15.4126594556639,20.608688609701,6.97469043158111,1150.16399511077,1461.85028727612,90.1566565050071,44.1443653266175
27.2339013004217,15.4122404886596,20.5988073388409,6.96817384011461,1150.2336301534,1461.85009856327,90.1659254095744,44.155456417504
27.3036460411826,15.4119148022827,20.5892348222774,6.97920837308513,1150.30337508061,1461.84981560729,90.1741321325801,44.1670525231587
27.3733017608894,15.4116917750098,20.5800074042102,6.970253067218,1150.3730300943,1461.84943077296,90.1811563055633,44.1782785437971
27.4429748423255,15.4114686921468,20.5710094994745,6.97199040691834,1150.44270246953,1461.84904584271,90.1881823725452,44.1895722462328
27.5128839387372,15.4112448535991,20.5622144424127,6.99560776546132,1150.51261085736,1461.84865960852,90.1952323838168,44.201875562858
27.5827828982726,15.4110210475082,20.5536546316879,6.99459339661989,1150.58250910841,1461.84827343034,90.2022815165867,44.2141126910424
27.6524787976441,15.4107978915858,20.5453529141427,6.97427373389946,1150.65220430135,1461.84788837403,90.2093103141655,44.2254396580863
27.7223162082087,15.4105742825655,20.5372682214435,6.98843436323921,1150.72204100405,1461.84750253589,90.2163535260108,44.2373436529125
27.792122212859,15.4103507741023,20.5294214006349,6.98529166121152,1150.79184630116,1461.84711687126,90.2233937132925,44.2490672198638
27.8619235159168,15.4101272806929,20.5218095368287,6.98482118599932,1150.86164689672,1461.84673123261,90.2304335689162,44.260718653961
27.9315445497544,15.4099043644788,20.5144511044488,6.96678214929882,1150.93126722489,1461.84634658992,90.237455385121,44.2715307916364
28.0013309090934,15.4096809189169,20.5073097540108,6.98332580986433,1151.00105287688,1461.84596103383,90.2444940175406,44.2829919284143
28.070966039729,15.409457957567,20.5004181943094,6.96819277644041,1151.0706873017,1461.84557631325,90.2515175384402,44.2937252797798
28.1407062073637,15.4092346599041,20.4937510673466,6.97870353518985,1151.14042676246,1461.84519101236,90.2585517948816,44.3048310130397
28.2103593789475,15.4090116407897,20.4873270512873,6.96999808367575,1151.21007922805,1461.84480619211,90.2655774175298,44.3154721642253
28.279984637202,15.4087887110496,20.4811403369179,6.96720487489016,1151.27970378059,1461.84442152607,90.2726003652589,44.3258966960798
28.3496065758034,15.4085657919385,20.4751887937209,6.96687268648879,1151.34932501352,1461.84403687838,90.2796231184765,44.3362031834803
28.4193007145236,15.4083426416534,20.4694665199226,6.97409755043802,1151.41901844583,1461.84365183179,90.2866532948482,44.3467086256167
28.4889244017022,15.4081197169437,20.4639854340468,6.96704766171169,1151.48864142731,1461.84326717443,90.2936765046375,44.3567918511085
28.5586978357308,15.4078963127669,20.4587287933873,6.98203241018695,1151.55841415412,1461.84288168976,90.3007149601364,44.3673902337197
28.6284865777307,15.4076728595762,20.4537077472752,6.98356423608027,1151.62820218875,1461.8424961205,90.3008885023607,44.3779178083289
28.6983791762872,15.4074490738521,20.4489167065297,6.99395687122829,1151.69809407889,1461.84210997746,90.2986325965928,44.3887446807442
28.7679929941359,15.4072261807424,20.4443811756306,6.96606006546645,1151.76770719114,1461.84172537463,90.296385688851,44.3982289879293
28.8378958933094,15.4070023620373,20.4400643677798,6.99498762518168,1151.83760938179,1461.84133917469,90.2941294504047,44.4087865330546
28.9078169829189,15.4067784850891,20.4359847299389,6.9968078912294,1151.90752976269,1461.84095287424,90.2918726247337,44.419251660274
28.9774516296204,15.4065555252886,20.4321588085169,6.96814435051172,1151.97716370358,1461.84056815633,90.2896250444262,44.4283245632249
29.0472217531619,15.4063321317114,20.4285627849187,6.98170113901258,1152.04693311994,1461.84018268995,90.2873730912874,44.4377899797231
29.1170174512705,15.4061086562482,20.4252032712521,6.98426031442941,1152.11672811061,1461.83979708226,90.2851203126115,44.4471726856344
29.1867553018078,15.4058853660045,20.4220842352012,6.97847166973515,1152.18646525429,1461.83941179418,90.282869401001,44.4561128204893
29.2564785196539,15.4056621226124,20.4192034823583,6.97700741724693,1152.25618776543,1461.83902658693,90.2806189616322,44.4647860327058
29.3261066193323,15.4054391837745,20.416563877676,6.96748920822167,1152.32581515937,1461.8386419052,90.2783715923174,44.4728475167207
29.3957495294111,15.4052161975158,20.4141609354528,6.96897124357521,1152.39545736356,1461.83825714164,90.2761237449257,44.4807525904117
29.4653601539376,15.4049933146308,20.4119962751105,6.9657405186398,1152.46506728252,1461.83787255645,90.2738769395717,44.4882967269577
29.5353078594988,15.4047693524623,20.4100600467669,6.99947127508698,1152.5350142791,1461.83748610896,90.2716192543021,44.4970124900199
29.6051403918746,15.4045457590613,20.4083659743683,6.98794621651876,1152.60484610367,1461.83710029777,90.2693652864272,44.5050025104811
29.674845164976,15.4043225747265,20.4069131766721,6.97516170324292,1152.67455017025,1461.83671519243,90.2671154421907,44.512211005578
29.7445787824946,15.4040992980361,20.405697933726,6.97804808339803,1152.74428308096,1461.83632992773,90.2648646669399,44.5192821370184
29.8141824413044,15.4038764374542,20.4047225376877,6.96504347883863,1152.81388603427,1461.83594538103,90.2626180863348,44.5255530455144
29.884006384296,15.4036528715551,20.4039825774725,6.98708670087624,1152.88370926954,1461.8355596173,90.2603643956756,44.5324611208427
29.9537942147172,15.403429421283,20.4034817402293,6.98347301694332,1152.9534963926,1461.83517405308,90.2581118706221,44.5389404909703
30.0236192989428,15.4032058517298,20.4032195228925,6.98720090095187,1153.02332076909,1461.83478828304,90.2558581431574,44.5452853529322
30.0933431157704,15.40298260642,20.4031961264685,6.9770673556556,1153.0930438792,1461.83440307249,90.2536076842993,44.5509227369794
30.1631339079376,15.4027591466647,20.4034113194027,6.98376939057838,1153.16283396398,1461.83401749191,90.2513550637292,44.5565332541825
30.2328611264839,15.4025358904631,20.4038647090658,6.97740775612998,1153.23256047578,1461.83363226256,90.2491044951453,44.5615786224409
30.3026526715302,15.4023124282973,20.4045571150525,6.98384472910431,1153.30235131343,1461.83324667783,90.2468518503584,44.5665712592141
30.3725158803998,15.4020887366746,20.4054892835309,6.9910159274668,1153.37221381418,1461.83286069716,90.2445968925491,44.5715317192778
30.4421468913276,15.4018657885154,20.4066563044048,6.96778052880429,1153.44184411933,1461.83247599934,90.2423494293968,44.5752304801648
30.5118086910804,15.401642741775,20.4080615125319,6.97086148040369,1153.511505213,1461.83209113142,90.2401009725469,44.5787225386312
30.5815210414315,15.4014195331788,20.4097056737817,6.9759199374367,1153.58121685676,1461.83170598422,90.2378508841635,44.582079330685
30.6514145066027,15.4011957446801,20.4115929969261,6.99404359095264,1153.6511096135,1461.83131983639,90.2355949500624,44.5858122790001
30.7212988311781,15.400971985448,20.4137191602827,6.99312891708221,1153.72099322974,1461.83093373906,90.2333393110782,44.5891535182356
30.791106929931,15.4007484702798,20.4160816103925,6.98550121219945,1153.79080062093,1461.83054806287,90.23108613251,44.5918320740783
30.8609680392137,15.4005247853798,20.4186845189263,6.99080582769588,1153.86066102211,1461.8301620938,90.2288312430375,44.594354037232
30.9308007644236,15.4026705000736,20.4238917348683,6.99413780029397,1153.93047236364,1461.82740706305,90.1994072337976,44.5954021684855
31.0003214507262,15.4065156239613,20.4310186460627,6.96733746853075,1153.9999568482,1461.82295541084,90.1505149390945,44.5940741223599
31.0699668345389,15.4103676447511,20.4383936849479,6.9798346069071,1154.06956596534,1461.81849577381,90.1015326673623,44.8220004532568
31.1396273321487,15.4142205014709,20.4460057013309,6.98134930604952,1154.1391901884,1461.81403516899,90.0525375544477,45.0318982248777
31.2092102224695,15.4180690658043,20.4538439843976,6.97357153223129,1154.20873684458,1461.80957953363,90.0035948892603,45.2240585985924
31.2787374251399,15.4219145501062,20.4619100597743,6.96799053653958,1154.27822784211,1461.80512746415,89.9546893314899,45.3991276043799
31.3484127553957,15.4257682272058,20.4702277620559,6.98283582833945,1154.3478668901,1461.80066590955,89.9056775844532,45.5581207630291
31.4180891645882,15.4296219639802,20.4787800044306,6.9829439589777,1154.41750701645,1461.79620428585,89.856663151793,45.7010107187703
31.4878196458969,15.4334786914326,20.4875732758164,6.988363046468,1154.48720118677,1461.79173919973,89.8076088244726,45.8282734629922
31.5574652957443,15.4373307269367,20.4965896038741,6.97986126879812,1154.5568105698,1461.78727954567,89.7586123918947,45.9399611555992
31.6272926640059,15.4411928131156,20.5058636745029,6.99807302106521,1154.62660157662,1461.78280825554,89.7094864016922,46.036823722017
31.6970094975587,15.4450487857234,20.5153567135796,6.98699527340825,1154.69628210628,1461.77834404333,89.6604365333849,46.1186277280944
31.7666265963067,15.4488992420929,20.5250688121634,6.97699988817214,1154.76586295308,1461.77388621749,89.6114552676976,46.1856907543576
31.8362490783478,15.4527499962074,20.5350138321135,6.97753939982504,1154.83544918037,1461.76942804694,89.5624687202898,46.2383598342646
31.9059067548827,15.4566026968962,20.5451958972644,6.98106657895725,1154.90507058382,1461.76496762276,89.5134559862402,46.2768145602722
31.97569440314,15.4604625861989,20.555629341274,6.99409229690791,1154.97482189132,1461.76049887604,89.4643504449614,46.301199974549
32.0453035117004,15.4643126006385,20.566267446273,6.97619911453221,1155.04439475209,1461.75604156184,89.4153692512544,46.3115188248061
32.1148132350758,15.468157118177,20.577120567116,6.96623876804253,1155.11386827943,1461.75159061162,89.366456786285,46.3079708329021
32.1843573399389,15.4720035373233,20.588208902688,6.969684468013,1155.18337617036,1461.74713745984,89.3175189944227,46.2957713617998
32.2540888912247,15.4758603239553,20.5995575859208,6.9884702792007,1155.25307141009,1461.7426723052,89.26844823102,46.2850069513052
32.3239313974797,15.4797232474023,20.6111552667575,6.99959014514345,1155.32287754702,1461.73820004573,89.2212096012343,46.2756852235901
32.3936489891473,15.4835792619408,20.6229623202744,6.9870712514082,1155.39255883441,1461.73373578498,89.1744008118285,46.2576719905612
32.4631543343947,15.4874235373291,20.6349618965714,6.9657999936596,1155.4620279859,1461.72928511511,89.1277336413877,46.2375392506003
32.5328018091711,15.4912756737682,20.6472144305934,6.98004416251555,1155.53163919291,1461.72482534419,89.0809702189022,46.2255435235155
32.6023320419983,15.4951213256651,20.659674010268,6.96829421772505,1155.60113321902,1461.72037308068,89.0342847558341,46.2217328367077
32.67199562001,15.498974352759,20.6723852060768,6.98165802279138,1155.67076052088,1461.71591227861,88.9875090596173,46.2161271711953
32.7418311317435,15.5028368893457,20.6853561358298,6.99888915678253,1155.74055966693,1461.71144046702,88.9406172779115,46.2017727059429
32.811592115135,15.5066953038397,20.6985410719309,6.9914199539437,1155.81028432344,1461.70697342775,88.8937749615228,46.1887367386341
32.881132049738,15.5105414923328,20.7119104429489,6.96926652608207,1155.87978804628,1461.702520543,88.8470805602776,46.176885888551
32.9509715369508,15.5144042487994,20.7255642792917,6.9992875778547,1155.94959116573,1461.69804847685,88.8001845645144,46.163210163719
33.0208163488145,15.5182672997676,20.7394460967013,6.99982121242909,1156.01939960707,1461.69357606974,88.7532846029424,46.1479881971657
33.0906544308063,15.5221299785128,20.7535530371461,6.9991467471316,1156.08920132204,1461.68910409357,88.7063888328835,46.1338276063732
33.1604404307157,15.525989776647,20.767875192882,6.99392710008309,1156.15895098204,1461.6846354524,88.6595277711758,46.120484119446
33.2302367169424,15.5298501437076,20.7824246942115,6.99495799100609,1156.22871092301,1461.68016615256,88.6126596006189,46.1056796317822
33.3000655981643,15.533712313567,20.7972059260017,6.9982246493909,1156.298503442,1461.67569476555,88.5657694035212,46.0897338688118
33.3698471131001,15.5375718636415,20.8122014121502,6.99347761768848,1156.36824861937,1461.67122641157,88.5189109367795,46.0744974510014
33.4396407482707,15.5414320840747,20.8274232813811,6.99469230315997,1156.43800591066,1461.66675728149,88.4720443178107,46.0595657256015
33.5092246145207,15.545280702386,20.8428217028067,6.97366933950223,1156.50755354227,1461.66230158364,88.4253186082204,46.0436703161398
33.5789584215754,15.5491376137822,20.85847549687,6.98869635149604,1156.5772510366,1461.65783628456,88.3784923245855,46.0272224062529
33.6487450179409,15.5529974449058,20.8743633238538,6.99398687671637,1156.64700129275,1461.6533676052,88.3316307672574,46.0108950216444
33.7183043349143,15.5568447054197,20.8904200860055,6.97120902010938,1156.71652438786,1461.64891347933,88.2849220634546,45.9942231131782
33.788122001437,15.5607062550044,20.9067575200543,6.99710071635083,1156.78630569799,1461.64444281043,88.2380401787051,45.9771511686608
33.8579082220686,15.5645660653465,20.9233083738185,6.99394922078936,1156.85605557861,1461.63997415513,88.1911797719413,45.9603323708223
33.9274778035628,15.5684138935812,20.940027029475,6.97223772658384,1156.9255889329,1461.63551937199,88.1444652580734,45.9429734407844
33.9972405524134,15.5722724057212,20.9570113319876,6.99159688759246,1156.99531535395,1461.63105221966,88.0976215229068,45.9242884530499
34.0667785614616,15.5761184877138,20.9741588600926,6.96907354768366,1157.06481715224,1461.62659945821,88.0509292412741,45.9061246859486
34.136608060645,15.5799806917517,20.9915966882052,6.99828658125014,1157.13461028886,1461.62212803163,88.0040418466125,45.889124430182
34.2064523483218,15.5838437137278,21.0092566120239,6.99976867860998,1157.20441820629,1461.61765565809,87.9571451984807,45.8705857727659
34.2761824122494,15.5877004180952,21.0271049963628,6.98832121668383,1157.27411195944,1461.6131905987,87.910325982785,45.8497746816461
34.3460038413804,15.5915621757864,21.0451938035403,6.99747780357488,1157.34389703022,1461.60871968887,87.8634462222057,45.8304120059077
34.4157880011279,15.5954218721429,21.0634894013895,6.99374267975101,1157.41364485102,1461.60425116553,87.8165923486365,45.8133523320707
34.4853576736652,15.5996114397974,21.0822775081664,6.97594847793342,1157.48317531415,1461.59945465519,87.7659485395492,45.78947349696
34.554366466665,15.6108442990735,21.108035357023,6.99636547609349,1157.55208345556,1461.58762001594,87.6342128133233,45.7617461314225
34.62321117976,15.622050450355,21.1339311626977,6.97973045131308,1157.62082775638,1461.57581351552,87.5027674853085,45.7409128541435
34.6922125113251,15.6332820951011,21.1600847887587,6.99560900838231,1157.68972844724,1461.56398015588,87.3710016341633,45.7250898740321
34.7611491617826,15.6445032114242,21.1864120177827,6.98905139957787,1157.75856455133,1461.55215788869,87.2393391989114,45.7026224037798
34.8299193136134,15.6556972260466,21.2128722352756,6.97217115589767,1157.82723439964,1461.54036417513,87.1079761228343,45.6732039150818
34.8987990263545,15.6669090743715,21.2395706780752,6.98327884426573,1157.89601364906,1461.52855167246,86.9763864893441,45.6485503567825
34.9678135724572,15.6781428701053,21.2665174452043,6.99694874686422,1157.96492753518,1461.51671604659,86.8445233145213,45.6304775670133
35.0367355946947,15.6893616053297,21.2936232024274,6.98756833678926,1158.03374903239,1461.50489628807,86.7128223754231,45.6109251490997
35.1056135118515,15.7005731613796,21.3209056688976,6.98309680135222,1158.10252648885,1461.49308409333,86.5811925818555,45.5853289541924
35.1743852891907,15.7117674405931,21.3483388963686,6.97233595587895,1158.17119796029,1461.481290101,86.4497539128998,45.5617595046043
35.2431212405723,15.7229558882608,21.3759495950506,6.96870378844789,1158.23983365803,1461.46950225264,86.3183734002923,45.5381174163222
35.3121449783242,15.7341911801588,21.4038680655182,6.9978806300764,1158.3087567224,1461.45766505045,86.1864338325383,45.5129960336141
35.3808574268888,15.7453758021714,21.4318511524745,6.9663209863333,1158.3773689516,1461.44588123269,86.0550817382077,45.4887074270789
35.4497716209357,15.7565932631673,21.4601065843793,6.98677468600916,1158.44618263204,1461.43406281666,85.9233377976981,45.4635415885863
35.5184834080049,15.7677777775055,21.4884679058391,6.96625392148737,1158.51479420071,1461.42227911234,85.7919760172021,45.437377382026
35.5874035460836,15.7789962060373,21.5171039342497,6.9873773138423,1158.58361381651,1461.41045967694,85.6602125072807,45.4121599231888
35.6564220319722,15.7902306430669,21.5459694698498,6.99734817683231,1158.65253163667,1461.39862337542,85.5282589483073,45.3856310046254
35.7254190094064,15.8014615790725,21.5750139434231,6.99516757055651,1158.72142797975,1461.38679076248,85.3963458833249,45.3587848674455
35.7942960426546,15.8126729912447,21.6041945850895,6.98300718743587,1158.79020455358,1461.37497871933,85.2646629044653,45.3340059242522
35.8630040457702,15.8238568896525,21.6334886738466,6.96587029034621,1158.85881234382,1461.36319566394,85.1333052378214,45.3039371534598
35.9317115458332,15.8350407061761,21.6629666271955,6.96581928902538,1158.92741963174,1461.35141269483,85.0483661125117,45.2727081531527
36.0004471721145,15.8462291009257,21.6926400881409,6.96867082856246,1158.99605500486,1461.33962490221,84.9635931052211,45.2476306607074
36.0693685925318,15.8574477381893,21.7225772242455,6.98750732204295,1159.06487590112,1461.3278052469,84.8785858144275,45.2259518710351
36.1382546329255,15.8686606164938,21.7526818085732,6.9839203650062,1159.13366146897,1461.31599165907,84.793617391382,45.195245247061
36.207196292466,15.8798825481666,21.7829929311478,6.98955923885805,1159.20250257483,1461.30416853285,84.7085759637965,45.1583371144229
36.2762255601455,15.8911187401949,21.8135244630194,6.9984412745072,1159.27143116106,1461.29233038231,84.6234224337969,45.1277542985667
36.3452263670616,15.9023502995418,21.8442245386283,6.99555581751978,1159.34033132804,1461.28049711264,84.5383003526282,45.1061883597171
36.4140212275252,15.913548336095,21.8750125100153,6.97467620804324,1159.40902584894,1461.26869916168,84.4534290657293,45.0866422352174
36.4830111614534,15.9247781255988,21.9060670437454,6.99445347398869,1159.47791515879,1461.25686775666,84.3683142156217,45.0523364408391
36.5519377197281,15.9359975991737,21.9372715567776,6.98802821694408,1159.54674118541,1461.24504722023,84.2832750245956,45.0077981872778
36.6209211684939,15.9472263330593,21.9686797092548,6.99379598435829,1159.61562401956,1461.23321692739,84.1981634880716,44.9697725560265
36.6897820224368,15.9584351116563,22.0002087680373,6.98136686990038,1159.68438443769,1461.2214076589,84.1132014316978,44.9451958427572
36.7586474563019,15.969644635747,22.031915749387,6.98183119927766,1159.75314942906,1461.20959760498,84.028232322873,44.9307345848569
36.8276862527857,15.9808823788198,22.0638782846613,6.99940733975382,1159.82208753019,1461.1977578203,83.9430482803087,44.913261756735
36.8964934364597,15.9920824212753,22.0959079039705,6.97592558047385,1159.89079435633,1461.18595775598,83.8581493612503,44.8702875703079
36.9652215552358,16.003269593996,22.1280736837077,6.96790969004738,1159.95942223289,1461.17417125086,83.773347718715,44.8097020555133
37.034233488405,16.014502964411,22.1605454718659,6.99668383803684,1160.02833350989,1461.16233607309,83.6881959796661,44.7543251609864
37.1031371253396,16.0257187069805,22.1931386731676,6.98570436710259,1160.09713664861,1461.15051946755,83.6031783324668,44.7170800694654
37.1719608787803,16.0369214465684,22.2258652654029,6.97760548439459,1160.16586002035,1461.1387165616,83.5182600915512,44.7010125621865
37.240897519198,16.0481425612571,22.258816279455,6.98905038172612,1160.23469611441,1461.12689429614,83.4332037818391,44.6995048486243
37.3098068868877,16.0593592366462,22.2919242817149,6.98628537214594,1160.30350497553,1461.1150767078,83.3481827136643,44.696468916482
37.3785446795767,16.0705479840314,22.3251184528969,6.96889046695316,1160.37214251189,1461.10328854366,83.2633752944429,44.6666640451898
37.4473307925151,16.0817445967122,22.3585037776268,6.9737893517164,1160.44082829803,1461.09149209286,83.1785105885276,44.6097702565183
37.51606237633,16.0929323334523,22.3920295656396,6.96826098843943,1160.50945963457,1461.07970499351,83.0937158573946,44.5516106057559
37.5848849235129,16.1041348766923,22.4257661674368,6.97748318956001,1160.57818180181,1461.06790229443,83.0088119801853,44.5079481144205
37.653770867539,16.1153477393105,22.4596998787783,6.98391059491201,1160.64696727343,1461.05608872312,82.9238333482246,44.4846763451873
37.7227534292114,16.1265763288002,22.4938468898723,6.99370604756754,1160.71584922177,1461.04425858241,82.8387393664019,44.4777213642817
37.7916839555291,16.1377964482706,22.5281330240962,6.98843051174306,1160.78467921066,1461.03243736548,82.7537137849315,44.4735297841587
37.8604208783387,16.1489850540618,22.5624862371493,6.96880227537593,1160.85331587841,1461.02064935052,82.6689315774918,44.4490239378616
37.929184882381,16.160178067982,22.597015483636,6.97154787044274,1160.9219795879,1461.00885669128,82.5841208997402,44.3997082380506
37.9979673206532,16.1713740825217,22.6317158387142,6.97341680053505,1160.99066170473,1460.99706087066,82.4992927927492,44.3487461370072
38.0668794598931,16.182591209048,22.6666432131024,6.98656636211672,1161.05947333335,1460.98524280701,82.4143104230624,44.3096729780553
38.1354552729112,16.1962945548165,22.7039321561724,6.99875688930042,1161.12792695248,1460.97094155376,82.3004238238931,44.2849726228858
38.2036396972772,16.2119520024586,22.7430563477592,6.99583472488099,1161.19597214532,1460.95468968851,82.1637329731109,44.2696488023798
38.2718018596657,16.2276043379984,22.7823153330862,6.99355060915928,1161.26399512164,1460.93844312943,82.0270869101827,44.2503287681715
38.3397135943467,16.2431991668751,22.8215760559882,6.96785631214734,1161.33176818162,1460.92225626019,81.8909445867538,44.2034194980524
38.4076565148337,16.2588011570666,22.8609998623665,6.97105602740077,1161.39957236373,1460.90606195777,81.7547429857704,44.1360994811152
38.4755665436736,16.2743955942246,22.9005488173494,6.96768129002652,1161.46734372135,1460.88987549512,81.6186120973545,44.0725612498392
38.5436815030991,16.2900370903692,22.940361220689,6.98870750707109,1161.5353195911,1460.87364018695,81.4820767520172,44.0268754498038
38.6118053290823,16.305680622575,22.9803224045525,6.98961723056738,1161.6033043093,1460.85740276541,81.3455315357577,44.0036553349863
38.6800260303811,16.3213464006265,23.0204835792736,6.99955679817707,1161.67138570499,1460.8411422535,81.2088016191978,43.9974378123611
38.7481810125288,16.3369970873403,23.06074837756,6.99281390458695,1161.73940151573,1460.82489740584,81.0722144380502,43.993538639825
38.8161807218806,16.3526121181741,23.1010624601999,6.97688265888253,1161.80726237074,1460.8086895677,80.9359509552432,43.9678947413872
38.8842178273306,16.3682357364152,23.1415389481873,6.9807195603929,1161.87516054549,1460.79247281614,80.7996265944523,43.9147572606497
38.9521399858643,16.3838329589609,23.1820862379393,6.96892581667635,1161.94294400804,1460.77628346237,80.6635481137989,43.8582815916772
39.0203491011516,16.3994960764726,23.2229440475064,6.99836805422674,1162.01101384138,1460.76002571199,80.5269119245385,43.8130667692119
39.0885201791483,16.4151504593374,23.263917732034,6.9944653653272,1162.0790457151,1460.74377702787,80.3903706942096,43.7842659624239
39.1566068553077,16.4307854606884,23.3049783214815,6.98580559718772,1162.14699335934,1460.72754846105,80.254018780235,43.7675514438716
39.2246599744156,16.4464127562065,23.3461553955499,6.98236258819583,1162.21490751504,1460.71132789261,80.1177558458483,43.7493914532583
39.292833607682,16.4620677258474,23.3875417162413,6.99472754020593,1162.28294193882,1460.69507859943,79.9812749766887,43.7070670967826
39.3608639354064,16.477689787694,23.4289763377235,6.98002415455412,1162.35083334968,1460.67886346336,79.8451058529967,43.6442463063755
39.4290214610958,16.493341058491,23.4706232463142,6.99307487617363,1162.41885169877,1460.66261800945,79.7469151611212,43.5837179322274
39.4972258167693,16.5090030830347,23.5124331331469,6.99787970998907,1162.48691678221,1460.64636139353,79.6952810360765,43.5389053084901
39.5651496145758,16.5246006820125,23.5542039065071,6.96909400876612,1162.55470188069,1460.63017164903,79.6438590137763,43.5137826004057
39.6333709773355,16.5402666119578,23.5962904309384,6.99962466515251,1162.6227839365,1460.61391097945,79.5922115071947,43.5017952873985
39.7015914811947,16.5559323446706,23.6385087625257,6.99953654056066,1162.69086513515,1460.59765051459,79.5405645228333,43.4880027141997
39.7697081547535,16.5715742344381,23.6807941670234,6.98888337998767,1162.75884271553,1460.58141479785,79.4889961001646,43.4480832801668
39.8379208282702,16.5872381690396,23.7232699683276,6.99873313446878,1162.82691609984,1460.56515619937,79.4373550394664,43.3832970255132
39.9060546000451,16.6028839851353,23.7658266049025,6.99063768523396,1162.89491074352,1460.54891640724,79.3857738354529,43.3181627662228
39.9740348725991,16.6184945526235,23.8084161245899,6.97488841129351,1162.96275220142,1460.53271320189,79.3343090453923,43.2677576804223
40.0421554257334,16.6341373332725,23.8512218502424,6.98928143084748,1163.03073365345,1460.51647656045,79.2827383452497,43.2377292903393
40.1100953916896,16.6497386450039,23.8940413539869,6.97075288766413,1163.09853488706,1460.50028296224,79.2313047309582,43.2244493705413
40.1780175274365,16.6653358623168,23.9369759747507,6.96892347869114,1163.16631832687,1460.48409361389,79.1798850694559,43.2152112258794
40.2462322989778,16.6810002786956,23.9802220467079,6.99894839525921,1163.23439380492,1460.46783451534,79.128244412315,43.1882703125084
40.3143082537854,16.696632818062,24.0235057890373,6.98470556877554,1163.30233074969,1460.45160850398,79.0767094675161,43.1131710157696
40.3823343998315,16.712253919654,24.0668825954143,6.979595107442,1163.37021798741,1460.43539436461,79.0252129348555,43.0072219298057
40.450238670598,16.7278470345636,24.1103053699006,6.96709050215199,1163.43798359872,1460.41920927441,78.9738094497306,42.901998412079
40.5181832967757,16.7434494164394,24.153876963954,6.9712310340954,1163.50578948304,1460.40301456544,78.9223762850787,42.8192375934219
40.5860992071992,16.7590452042077,24.1975524510934,6.96828475022223,1163.57356671024,1460.3868267009,78.8709658098452,42.7710726864557
40.6540839506352,16.7746567983614,24.2413940092893,6.97534713116707,1163.64141262989,1460.37062242991,78.8195042660628,42.7595011672253
40.7222729578779,16.7903152983868,24.2854890456493,6.99630493559875,1163.70946239625,1460.35436947232,78.7678892280865,42.7769237551925
40.7904283193546,16.8059660722074,24.3296835091908,6.99285282435361,1163.77747858554,1460.33812453426,78.7163008671696,42.784877654321
40.8585060369203,16.8215990163626,24.3739479154434,6.98488643067656,1163.84541728948,1460.32189810274,78.6647725669952,42.783413138298
40.9265994951409,16.8372355751042,24.4183421650572,6.98650144787622,1163.91337170192,1460.30566791941,78.6132337260121,42.7841375826866
40.9947653223997,16.852888752222,24.4629027572697,6.99392663091654,1163.98139833563,1460.2894204868,78.5616415692845,42.7616488034648
41.0626690562743,16.8684817438432,24.5074099086267,6.96703541617375,1164.04916341114,1460.27323552457,78.5102493157599,42.7211097906168
41.1305930328564,16.884079383874,24.5520474042955,6.96911235142383,1164.11694868803,1460.25704573746,78.4588433568084,42.6783117167273
41.1986219359194,16.8997011185702,24.5968705803474,6.97987798194285,1164.18483867714,1460.24083094095,78.4073596897571,42.6401703353756
41.2667485181679,16.9153452837076,24.6418745446803,6.98990002795355,1164.25282614597,1460.22459286246,78.3558038901319,42.6045757371968
41.334867619195,16.9309877309039,24.6869894235351,6.98913244225085,1164.32080614886,1460.20835656712,78.3042556265131,42.5604933280162
41.4030357230378,16.9466414308024,24.7322520970713,6.99416021219105,1164.3888350545,1460.19210859189,78.2526722404931,42.4878282280261
41.4710182585158,16.9622525179344,24.7775058379313,6.97512059101718,1164.45667877071,1460.17590484717,78.2012313112715,42.407595897667
41.5390615952528,16.9778775670896,24.8229137059495,6.98135890076752,1164.52458316402,1460.15968661038,78.1497464936444,42.3399068418417
41.607072523895,16.9934951742514,24.8684129480507,6.97803377661738,1164.59245521541,1460.14347609811,78.0982883984575,42.2957352804762
41.6751935190976,17.0091380564145,24.9140984523761,6.98932678781101,1164.66043710861,1460.12723935129,78.0467493141402,42.2763372112319
41.7432388197282,17.024763556546,24.9598451056678,6.98156039948575,1164.7283434618,1460.1110206464,77.9952698688962,42.2741245644136
41.8111256740956,17.0403526720621,25.0055960856396,6.96530355080846,1164.79609169227,1460.09483970743,77.9439127386357,42.2724726791042
41.8793483331745,17.056018899686,25.0516843051361,6.99975766965304,1164.86417504175,1460.07857872887,77.8923041099688,42.2457274771888
41.9473173762811,17.0716268885136,25.0977111704503,6.97373625141452,1164.93200529314,1460.06237820008,77.8408899514121,42.187455270422
42.0152206513127,17.0872197747689,25.143802510334,6.96698833809351,1164.99976991074,1460.04619334721,77.7895282323814,42.1228536058668
42.0832701929572,17.1028462487808,25.190101842852,6.98199553454178,1165.06768049629,1460.02997363147,77.7380586583032,42.0683080320634
42.1514746153105,17.1185082886364,25.2366151502338,6.99788655144512,1165.13574564628,1460.01371699966,77.6864748154654,42.0311988913422
42.2195223975382,17.1341343586267,25.283129383636,6.98181501548039,1165.203654476,1459.99749770328,77.6350123937512,42.0099399572498
42.2877005582543,17.149790367923,25.3298400775105,6.99519206402008,1165.27169341798,1459.98124733097,77.5834544113302,41.9940264800521
42.3556351600839,17.1653904478697,25.3764901811817,6.97020251940936,1165.33948929842,1459.96505501131,77.5320837237925,41.9646126463646
42.4237779019518,17.1810383238018,25.4233892012648,6.99155803163303,1165.40749289388,1459.94881308115,77.4805588465372,41.8938375284307
42.4917005690917,17.1966356631403,25.4702418101996,6.96897800049279,1165.47527686399,1459.93262360614,77.4292036478771,41.7970064064683
42.5598801803215,17.2122920055237,25.517376555647,6.99534088913002,1165.54331725353,1459.91637288811,77.3776575473409,41.701948733333
42.6265491156099,17.2324567784688,25.5677898336049,6.97554681991925,1165.60980768166,1459.89562709415,77.2720359474176,41.628869231678
42.692494724405,17.2556185285164,25.6205382147974,6.98941279868013,1165.67554865761,1459.87189074933,77.1309743569444,41.5868728758079
42.7583879224408,17.2787618705922,25.6733264861809,6.98385791127221,1165.74123738544,1459.84817326915,76.9900102145201,41.5752043930142
42.8243371509358,17.3019248919692,25.7262410244464,6.98979644178413,1165.80698196986,1459.82443562147,76.8489132401645,41.5839567571829
42.8901265093141,17.3250317629556,25.7791079101488,6.97285220148973,1165.87256718025,1459.80075551715,76.7081470808856,41.5802588190337
42.9558909152087,17.3481298700047,25.8320347261571,6.97020754916361,1165.93812751559,1459.77708439418,76.5674248058942,41.5727353113178
43.0219061605419,17.3713160781492,25.8852433467877,6.99679340399569,1166.003937912,1459.75332298452,76.4757331296753,41.5376516102982
43.0876799650203,17.3944174862164,25.9383365197876,6.97120368192904,1166.06950761675,1459.72964847864,76.3863137388645,41.4934348655887
43.1537172042186,17.4176114191575,25.9917213363966,6.99912447964423,1166.13533993878,1459.70587915254,76.2965238060033,41.4491056875293
43.2197247206499,17.440794912718,26.0451607406142,6.995974236693,1166.20114263026,1459.6821205248,76.2067623050477,41.4054879620525
43.285503075131,17.4638979188601,26.0984923255786,6.97168592553469,1166.2667168709,1459.6584443812,76.1173009529152,41.3546936849608
43.3515444717095,17.4870933119772,26.1521147405254,6.99956511013326,1166.33255333741,1459.63467355871,76.0274707601252,41.2796403928726
43.4174790797706,17.5102511982915,26.2057275011831,6.98824685794534,1166.39828334676,1459.61094117347,75.9377751725045,41.2019402266291
43.4834691053593,17.5334285486299,26.2594619379642,6.99412042533862,1166.46406860168,1459.58718884136,75.8479939806866,41.1383264521807
43.5494407391639,17.5565994393129,26.3132575446242,6.99217112540966,1166.52983552189,1459.56344312915,75.7582280344987,41.0966765754613
43.6153665974803,17.5797542524975,26.3670914149999,6.98731949404581,1166.59555680865,1459.53971389328,75.6685150471462,41.0757953197563
43.6814046434407,17.6029484687937,26.4210921897734,6.99920998635469,1166.66138993493,1459.5159442768,75.5786404856906,41.0655261095664
43.747352709835,17.6261110820117,26.4750941306002,6.98967327358085,1166.72713336086,1459.4922070474,75.4888799250317,41.0475959441902
43.8131786877923,17.6492308147118,26.5290701299342,6.97673342055758,1166.7927550772,1459.4685137623,75.3992775468192,41.0050795294995
43.8790886014325,17.6723800277267,26.5831886072396,6.98562955706031,1166.85846046876,1459.44479026553,75.3095533563463,40.9562042631722
43.9448982408934,17.6954940219376,26.6372978330888,6.9750017435418,1166.9240658973,1459.42110286128,75.2199585619172,40.9108764726611
44.0108814978265,17.7186689949544,26.6916226791936,6.99340303219389,1166.98984440457,1459.39735296546,75.1301207088057,40.8701051403799
44.0766525890027,17.741769450042,26.7458450199342,6.97091610570671,1167.05541140445,1459.3736794362,75.0405654944255,40.8267371384503
44.1424811271298,17.7648900819378,26.8001864335668,6.9770047666633,1167.12103567301,1459.34998522959,74.9509262689257,40.7647368050918
44.2084241774871,17.788050933398,26.8546938718456,6.98914163614856,1167.18677409846,1459.32624980566,74.8611257429348,40.6595052550517
44.2743286543666,17.8111982368864,26.9092404860375,6.98505332818022,1167.25247407014,1459.30252826579,74.7713728176366,40.5430945324498
44.3401584726802,17.8343193184158,26.9637957965298,6.97714045048109,1167.31809961491,1459.2788335984,74.6817170879892,40.4405645909927
44.4059821140588,17.857438230451,27.0184159996375,6.97648577234591,1167.38371900192,1459.25514115431,74.592065733765,40.3677504054766
44.4719473136085,17.8806068612625,27.0732234761122,6.99148917454528,1167.44947950784,1459.23139775804,74.5022179687763,40.3311435059792
44.5378662765693,17.9037592526256,27.1280619244656,6.98658867227263,1167.51519392065,1459.20767100408,74.4124300114715,40.3286407139287
44.6038263889201,17.9269260966852,27.1830036132982,6.99094999486115,1167.58094935515,1459.18392943888,74.3225832755862,40.3491264540368
44.6695894244118,17.9500237224145,27.2378494514564,6.97006230355008,1167.64650832434,1459.16025880917,74.2330027069255,40.3555669973388
44.7353320495585,17.9731141795192,27.2927460273966,6.96789906127728,1167.71204694651,1459.13659552593,74.1434481046647,40.3477977729728
44.801336355486,17.9962965454703,27.3479288560476,6.99563396331156,1167.77784643746,1459.11283805377,74.0535356349331,40.3172138047326
44.8673695054022,18.019489042153,27.4032033122401,6.9986910666828,1167.84367468289,1459.08907019956,73.9635829062524,40.274502837657
44.9332012622826,18.0426108045557,27.4583760013237,6.97734591441578,1167.90930216022,1459.0653748344,73.8739040004385,40.2219238742622
44.9989238239487,18.0656942148633,27.5135233201819,6.96577258233912,1167.97482078117,1459.04171877277,73.7843737637706,40.1530623280704
45.0647048841774,18.0887981713317,27.5687855054199,6.97197270106175,1168.04039771916,1459.01804165527,73.6947641944873,40.0954821375685
45.1307086012082,18.1119803304476,27.6243004901422,6.99557154757669,1168.10619662304,1458.99428439508,73.6048521129809,40.0552527287375
45.1965521619868,18.1351062386751,27.679745993899,6.97859698053333,1168.17183586764,1458.97058478125,73.5151594392193,40.0303456729129
45.2623613115441,18.1582200608197,27.7352272244067,6.9749498198845,1168.23744080779,1458.94689755333,73.4255153162355,39.9892326706943
45.3280828553341,18.1813031136235,27.7906987689349,6.96566470015794,1168.30295841403,1458.92324185807,73.3359926379242,39.9343203789887
45.3939585109104,18.2044402943481,27.8463643589176,6.98199862916023,1168.36862965383,1458.89953069209,73.246262590724,39.8593585153897
45.4597035194799,18.2275315885707,27.9019830228654,6.96815167440101,1168.43417065204,1458.87586655097,73.156713487559,39.7998836120201
45.5254758541168,18.2506324803927,27.9576878735538,6.97104789704666,1168.49973889151,1458.85219257414,73.0671305894239,39.7616016607315
45.5913915551175,18.2737837260735,28.0135770574383,6.98624294515699,1168.56545005248,1458.82846699429,72.9773563005092,39.7416362627352
45.6571679161486,18.296886032066,28.0694105022807,6.9714746446535,1168.63102230585,1458.80479156821,72.8877760932604,39.7291334713591
45.7230468402555,18.3200243607805,28.1253931195329,6.9823450526956,1168.69669680404,1458.78107922576,72.7980609577531,39.6959347695808
45.7888736947027,18.3431444013257,28.1813932070155,6.97682631755597,1168.76231939415,1458.75738562517,72.7084219198171,39.6531244030086
45.8548188938554,18.3663060074967,28.2375554641851,6.98936938170111,1168.82805996174,1458.7336494278,72.6186273671694,39.6032617290498
45.9208573719469,18.3895003755681,28.29385847276,6.99925578686409,1168.89389351881,1458.70987965578,72.528711899282,39.5407599047079
45.9867592497261,18.4126467661873,28.3501058182675,6.98477785594645,1168.95959089945,1458.68615905143,72.4389889452973,39.4518790888742
46.052754330384,18.4358258919927,28.4064932160142,6.99465619968018,1169.02538119375,1458.6624048998,72.3491460710005,39.3696483914643
46.1185799247819,18.4589454899771,28.4627957567998,6.97669276806177,1169.09100252772,1458.63871175275,72.259541316711,39.3083273152587
46.1845995016962,18.4821332194814,28.5193240026438,6.99725249759387,1169.15681724226,1458.61494878398,72.1696803566242,39.2727901361729
46.2505932772336,18.5053118868956,28.5758896407847,6.99451787317521,1169.2226062355,1458.59119510212,72.0798628145494,39.2600070727275
46.3163750011391,18.528416076464,28.6323323577561,6.97204304251121,1169.28818383511,1458.56751774574,71.9903425700018,39.258608769285
46.382294589245,18.5515686873938,28.6889519440121,6.98665492989589,1169.35389887111,1458.54379076676,71.9006438568836,39.2317846967979
46.4481130921727,18.5746857946762,28.7455428651228,6.97594116055523,1169.41951313562,1458.52010017221,71.8110922649486,39.1910328734989
46.5140628495347,18.5978490018046,28.8023045833203,6.98985249508987,1169.48525824727,1458.49636233416,71.7213721209917,39.1393027604487
46.5798726564439,18.6209630548273,28.8590033255034,6.9750194909831,1169.55086384273,1458.47267486964,71.6318528150246,39.0717929704339
46.6457779606092,18.6441106488792,28.9158415456017,6.9851410101389,1169.61656463913,1458.448953032,71.5422144999055,38.97497561046
46.7115438470414,18.6672092759302,28.9726162550479,6.9703644677042,1169.68212645041,1458.42528137613,71.4527771092762,38.88934359866
46.7773656509425,18.6903275425973,29.0294956425524,6.9762910226325,1169.74774400564,1458.40158959343,71.3632754128762,38.8279851867999
46.8432405174545,18.7134644461826,29.0864770498111,6.98191499817069,1169.81341445883,1458.37787871146,71.2737137567033,38.7955516840817
46.909280064939,18.7366591898516,29.1436569738547,6.99936912921723,1169.87924908198,1458.35410855452,71.1839408849829,38.7881208213491
46.9753245502262,18.7598556678004,29.2008969886238,6.99989247474819,1169.9450886276,1458.33033662028,71.0941744360244,38.793948509544
47.0410423278112,18.7829373978189,29.2579089288149,6.9652655293874,1170.01060247932,1458.30668228062,71.0048655141871,38.7840124939787
47.1067960706596,18.806031759739,29.3150067362919,6.96907739913906,1170.0761521847,1458.28301499569,70.9155215980494,38.7523068593478
47.1727647045823,18.8292015967883,29.3723457752241,6.99185317529598,1170.14191611433,1458.25927036326,70.8259000825913,38.71034447967
47.2387557666437,18.8523793111619,29.429758734749,6.99423027851968,1170.20770240251,1458.23551765807,70.7362629502819,38.6618681364191
47.3045164050215,18.8754760949648,29.4870250580301,6.96980823932914,1170.27325898202,1458.21184789118,70.647447208206,38.6025887711676
47.3704616160436,18.8986377053045,29.5445057654354,6.98937063968973,1170.33899956144,1458.18811168954,70.6474472082085,38.519558195794
47.4363174149788,18.9217679118791,29.6019618442039,6.97989407263696,1170.40465100621,1458.16440767072,70.6474472082085,38.3920953180479
47.5022390356175,18.9449212366853,29.6595283895574,6.98687035303214,1170.47036806845,1458.14067996016,70.6474472082085,38.2674769871054
47.5682160055805,18.9680940015608,29.7171960939519,6.9927366916847,1170.53614030826,1458.11693232726,70.6474472082085,38.1668349966361
47.6339474480033,18.9911805310128,29.7747014404946,6.96671383189969,1170.60166778241,1458.09327306911,70.647447208206,38.102984382191
47.6998624462277,19.0143315298611,29.8324194366039,6.98616845961893,1170.66737824278,1458.06954774221,70.647447208206,38.0790877765723
47.7658468783537,19.0375069156352,29.8902501499121,6.99352758798865,1170.73315792159,1458.04579742339,70.647447208206,38.090573328452
47.8317208763345,19.0606435141707,29.9480355904609,6.98182294469909,1170.79882750894,1458.02208685405,70.647447208206,38.0959483726445
47.8972979322568,19.0844881036991,30.006263354393,6.98342915799934,1170.86419398724,1457.99767091194,70.6386650277166,38.0950522039562
47.9587276896214,19.1179044556135,30.0697392000675,6.99297269034898,1170.92532979656,1457.96371976346,70.5106227444008,38.1070309545527
48.0200733601744,19.1512750662681,30.1331566755395,6.98340050901403,1170.98638192144,1457.92981508829,70.3827111718383,38.099444382959
48.0814668936885,19.1846717132544,30.1966519817254,6.98884907975094,1171.04748168025,1457.89588396009,70.2546564764089,38.0662220643413
48.1426927703403,19.2179771588275,30.2600019600866,6.96976354354061,1171.10841458446,1457.8620454929,70.1269095675855,38.0211809823264
48.2040809242803,19.2513708794512,30.3235478107434,6.98823668575147,1171.16950898944,1457.8281173379,69.9987833054097,37.9697471624101
48.2654748405679,19.2847677346577,30.387127456831,6.98889265352627,1171.23060912919,1457.79418599816,69.8706054541494,37.9098043725386
48.3267894135229,19.318121428946,30.4506525388304,6.97986045508063,1171.29163030528,1457.76029851008,69.7425550302469,37.8311726063805
48.3881999621274,19.3515273317436,30.5143045346906,6.99078602476511,1171.35274699776,1457.72635797794,69.6142671457208,37.7152883727062
48.4495227194292,19.3848854781253,30.5778928043778,6.98079213568242,1171.41377631903,1457.69246596652,69.4861269528605,37.6031513315235
48.5107919107936,19.4182144858893,30.6414525739821,6.97469435584033,1171.47475233068,1457.65860356005,69.3580643236994,37.5132520598332
48.5720156123006,19.4515187482341,30.7049919882546,6.96951593179605,1171.53568307015,1457.62476629502,69.2300637260801,37.4556167491257
48.6334865499227,19.4849575012458,30.7688148105182,6.99766052290215,1171.59685986268,1457.59079238694,69.1015142683406,37.4314928541325
48.6946792908482,19.5182449217582,30.8323753193131,6.9659914754238,1171.65775978972,1457.55697223328,68.9735160423034,37.4349825254903
48.7561158871483,19.5516649938935,30.8962155796549,6.99375121350866,1171.71890240526,1457.52301730504,68.844978364065,37.4297848900849
48.8173469221958,19.5849732455131,30.9598684537397,6.97035075926105,1171.77984044317,1457.4891759869,68.7168427504614,37.3971258267739
48.8787082572533,19.6183523772917,31.0236828767152,6.98518370750593,1171.8409081576,1457.45526265423,68.5884076897751,37.3427416464727
48.940075847999,19.6517349120186,31.0875297716044,6.98589583562454,1171.90198209778,1457.42134586414,68.4599340111161,37.2649962067173
49.001308459223,19.6850440210414,31.151261956513,6.97053018631414,1171.96292170433,1457.38750367488,68.3317187515268,37.15424613492
49.0626472245177,19.718410875397,31.2151302321704,6.98261443586089,1172.023966957,1457.35360281611,68.2032582999416,37.0659512589036
49.1238380770837,19.7516972686857,31.2788698721546,6.96577651043655,1172.08486500471,1457.31978370612,68.0750860456334,37.0099669876556
49.1852108907095,19.7850826445374,31.3428243561034,6.98649039205397,1172.14594414278,1457.28586402945,67.9465122924365,36.9870999656116
49.2464589927838,19.8184001802206,31.4066739924252,6.97229361658217,1172.20689916606,1457.25201327866,67.8181807638368,36.9908672011126
49.3078232283457,19.851780889806,31.470669697545,6.98551389192813,1172.26796976711,1457.21809834293,67.6895881165861,36.9857268169281
49.369021347285,19.8850712358322,31.5345169356377,6.96660369180609,1172.32887504642,1457.18427521694,67.5613271302444,36.9534681596374
49.4303282038226,19.9184207325697,31.5985022732665,6.97898204210564,1172.38988854302,1457.15039199359,67.4328230675355,36.9002257260493
49.4915587092744,19.9517286961015,31.6624324056278,6.97029047172982,1172.45082605387,1457.11655096814,67.304465163712,36.8248209550426
49.5530085746823,19.9851559863213,31.7266160184537,6.99526172749931,1172.51198187502,1457.0825887063,67.1756347644915,36.7175830132291
49.6144419968694,20.0185743318135,31.7908067913513,6.99338988236152,1172.57312133164,1457.04863553233,67.0468274702591,36.6321407163781
49.6756672125847,20.0518794178522,31.8548040745346,6.9696883045882,1172.63405357807,1457.01479743043,66.9184467054891,36.5778397984078
49.7369497145887,20.0852156662927,31.9188851475207,6.97620959765394,1172.69504283667,1456.9809276674,66.7899370975399,36.5552215309055
49.7982350705494,20.1185534672191,31.9829929836823,6.97653448323137,1172.75603493557,1456.94705632705,66.6614140702662,36.5572267013874
49.8595885200914,20.151928309462,32.0471957255493,6.98428604495479,1172.81709480221,1456.91314735256,66.5327420905802,36.5500307406098
49.9209677830382,20.1853171935935,32.1114490416543,6.98722456272109,1172.87818035874,1456.87922411146,66.4040111134433,36.5169680827481
49.9823753781224,20.2187214897454,32.1757554585675,6.99044980519684,1172.93929411184,1456.84528521168,66.2752171502466,36.4647692008621
50.0437098872142,20.2520860288259,32.2400086049932,6.98212992295856,1173.00033512866,1456.81138670525,66.1465742138653,36.392518800277
50.1051243764653,20.2854940752435,32.3043686956163,6.99123461574898,1173.06145574293,1456.77744399519,66.0177625637151,36.2911463949091
50.1663973679866,20.3188251502038,32.3686034575193,6.97512695385376,1173.12243553656,1456.74357948843,65.8892480282703,36.1438676861205
50.2278256056424,20.3522406754321,32.4330238491158,6.99279969140654,1173.18356983345,1456.70962917987,65.7604095144556,36.0137935883044
50.2893081795812,20.3856857583281,32.4975240260947,6.99898516503978,1173.24475820662,1456.6756488406,65.6314599810879,35.91795125476
50.3507575241727,20.4191127652358,32.5620120014019,6.99520243937033,1173.30591350944,1456.6416868666,65.5025843885897,35.8649018203302
50.4121693377157,20.4525193561308,32.6264830872988,6.99093002145993,1173.36703146081,1456.60774563536,65.3737930539709,35.854768178946
50.4735962883565,20.4859341812529,32.690992430175,6.99265318163554,1173.42816447684,1456.5737960381,65.244976821774,35.8796259662598
50.534803861164,20.5192296699623,32.755293504482,6.96767989078187,1173.48907916479,1456.53996768713,65.1166287436263,35.8949803767521
50.5961930637935,20.5526239610489,32.8198074341673,6.9883560653124,1173.55017461344,1456.50603895254,64.9879092222746,35.9003868034318
50.6576754287881,20.5860689302841,32.8844412667511,6.99896137945354,1173.61136277866,1456.47205872874,64.8590051181175,35.8959951862173
50.719132298427,20.6195000306417,32.9490701692744,6.99605906741344,1173.67252557053,1456.43809259578,64.7301665287849,35.8648034304003
50.7805157524199,20.6528911946044,33.0136435671494,6.9877016583865,1173.73361529805,1456.40416703836,64.6014951839618,35.8140420880577
50.8417872556196,20.6862214599526,33.0781206978002,6.97495752796181,1173.79459361048,1456.37030335418,64.4730730920325,35.7432695860874
50.903246023946,20.7196535931518,33.1428163451651,6.99627520807553,1173.85575829194,1456.33633617185,64.3442744335266,35.6438788358579
50.9647003429401,20.7530833060185,33.2075286679994,6.99576870993711,1173.91691854537,1456.30237144859,64.2155023510561,35.4997313219451
51.0260168983442,20.7864380787128,33.2721170861841,6.98008613092359,1173.97794169442,1456.26848286485,64.0870374248945,35.3737602282982
51.087352074473,20.8198029806459,33.3367461440398,6.98220585635048,1174.03898337509,1456.23458398976,63.9585532478839,35.2819661013701
51.1485946141248,20.8531174905011,33.4012984497646,6.97166040767566,1174.09993286256,1456.20073631322,63.8302841281474,35.2322966683027
51.2099737907613,20.8865063276819,33.4660155689006,6.98721473744139,1174.16101833319,1456.16681311982,63.7017511738591,35.2240552817873
51.2711809987322,20.9198016179287,33.5305719753422,6.96763835890335,1174.22193265805,1456.13298497048,63.5736018908456,35.2493726072478
51.3326247990066,20.9532256088576,33.5953984991911,6.99457129154354,1174.28308244309,1456.09902606073,63.444982199547,35.2640902488275
51.3939827135438,20.9866028799534,33.6601548657729,6.98479432612658,1174.34414675336,1456.06511461852,63.316568515483,35.2686290790752
51.4554527267716,21.0200411301161,33.7250499202546,6.99755529271439,1174.40532262593,1456.03114122133,63.1879477878195,35.2627919072785
51.5169174222123,21.0534764875272,33.7899596395207,6.99694993236684,1174.46649320615,1455.99717076319,63.0593670583435,35.2313657711068
51.5782151479374,21.0868210173162,33.8547131099964,6.97794261876144,1174.52749761562,1455.96329258628,62.9311656512445,35.18213788636
51.6394854078635,21.1201506063526,33.9194574899965,6.97481599757564,1174.58847469072,1455.92942958923,62.8030529304448,35.114997932562
51.7009737663606,21.153598835913,33.9844522462573,6.99964366116212,1174.64966882077,1455.89544605293,62.6745168580417,35.0219807590989
51.7624453132773,21.1870379203666,34.0494490565722,6.99772988309735,1174.71084621968,1455.8614718081,62.5460499324676,34.8876785217981
51.8236996013972,21.220358821114,34.1142357528348,6.97299781677779,1174.7718073994,1455.82761763839,62.418072135884,34.68838225855
51.8850421154271,21.2537277146937,34.1791352627783,6.98304118020809,1174.83285638286,1455.79371470777,62.2899463790758,34.5006598959827
51.9465279597964,21.2871745766275,34.244205885262,6.99935746067436,1174.89404801081,1455.75973256099,62.1615590420629,34.3483605143579
52.007850702912,21.3205327152921,34.3091232032884,6.98079052076442,1174.95507731796,1455.72584055741,62.0335512250144,34.2472615208684
52.0691318647284,21.3538682347021,34.3740156541946,6.97605703489855,1175.01606524278,1455.69197153508,61.9056703260104,34.2039374274235
52.130500781805,21.387251490922,34.4390201094432,6.98604682100471,1175.07714050295,1455.65805401195,61.7776477504241,34.2166026581984
52.1917599111095,21.4205750251605,34.5039272056452,6.97354892218951,1175.13810650069,1455.62419716661,61.6498968261087,34.2262863555054
52.2530160062282,21.4538969088727,34.5688498946481,6.97320351989591,1175.19906947876,1455.5903419982,61.5221960583754,34.2328442818835
52.3142743401836,21.48722001046,34.6337936589611,6.97345838213922,1175.26003468496,1455.55648559243,61.4548428554171,34.2362743313469
52.3755001145771,21.5205254004069,34.6987214878454,6.96975190276164,1175.32096748739,1455.52264718176,61.4548428554149,34.2366235784939
52.4369491694944,21.5539522497387,34.7639046730352,6.99516946378979,1175.38212250193,1455.48868536786,61.4548428554159,34.2335800079619
52.4984364398777,21.5873998873907,34.8291469176499,6.99951979366248,1175.44331554907,1455.45470243294,61.4548428554149,34.1892146562547
52.5599026860065,21.6208360883395,34.8943852681821,6.99712645786116,1175.50448767256,1455.42073111776,61.4548428554171,34.104152977906
52.6211446960487,21.6541503100996,34.9594038294842,6.97160011858796,1175.56543663296,1455.38688373393,61.4548428554159,34.060938319035
52.6825997235246,21.6875804083637,35.0246667117692,6.99584936126717,1175.62659759147,1455.3529186191,61.4548428554171,34.057580138539
52.74402281337,21.7209931333035,35.0899137611529,6.99221368068946,1175.68772676519,1455.31897115564,61.4548428554159,34.0142472997321
52.8054706951075,21.754419344453,35.1552051350045,6.99503591263317,1175.74888061216,1455.28500999014,61.4548428554159,33.9316434611069
52.8666803061391,21.7877159419086,35.2202611235004,6.96791191586875,1175.80979732857,1455.25118051268,61.4548428554171,33.8031130946774
52.9280894494148,21.8211210802405,35.2855469250696,6.9906260465167,1175.87091262245,1455.21724075724,61.4548428554159,33.7153684300609
52.9893496283626,21.8544451854604,35.350691967117,6.97366841031238,1175.93187966481,1455.18338333177,61.4548428554171,33.6750160518602
53.0505801210737,21.8877531420618,35.4158229178215,6.97028902140679,1175.99281716299,1455.14954231337,61.4548428554136,33.6800064123074
53.1088893235563,21.9259172993638,35.482753390634,6.97780462117749,1176.05079110436,1455.11087077192,61.3899596334039,33.6814348915058
53.166175254983,21.966075416009,35.5505400702503,6.99589252864011,1176.10772441329,1455.07021427665,61.2993866613878,33.6784840262446
53.2234219711416,22.0062060422865,35.6182887411529,6.99110346795758,1176.16461874833,1455.02958561293,61.2088602591584,33.6362710968516
53.2806130650742,22.0462976767247,35.6859799179412,6.98431075106026,1176.22145780353,1454.98899642494,61.1184068574258,33.5568322043216
53.3378722436418,22.0864370392984,35.7537599749232,6.99262540663825,1176.27836452427,1454.9483589165,61.0278312450086,33.4343329366834
53.3951214433189,22.126569406552,35.8215364706223,6.99140676110052,1176.33526132755,1454.90772849019,60.9372573338108,33.2551276627869
53.452204884186,22.1665855749157,35.889124895002,6.97116390576819,1176.39199339234,1454.86721570485,60.8469320950483,33.1143357616945
53.5093918555837,22.2066743194082,35.9568440347833,6.98380729743163,1176.44882835038,1454.82662944268,60.7564298923671,33.0245903486048
53.5666716892793,22.2468281614714,36.0246812528721,6.99514785938431,1176.50575559911,1454.78597727505,60.6657679911021,32.9905048849498
53.6238905951864,22.2869392924331,36.0924543748727,6.98770721470122,1176.56262229508,1454.74536834858,60.5751902481608,33.0088137361469
53.6811790563175,22.3270991824311,36.1603179082236,6.99620146209025,1176.61955811814,1454.70471005796,60.4844905571748,33.0223014281749
53.7383198350052,22.3671555452866,36.2280144533055,6.97816613516537,1176.67634716781,1454.66415657929,60.394013325317,33.0312732002276
53.7953908222606,22.4071629835209,36.2956362003671,6.96964304146939,1176.73306685565,1454.62365263242,60.3036357325772,33.0356258376084
53.8524522583571,22.4471637262797,36.363254465936,6.968476631511,1176.78977705112,1454.58315546412,60.2132628530491,33.0352845652874
53.9095866973893,22.4872156449614,36.4309670466292,6.97739192152047,1176.84655980016,1454.54260648478,60.1227643706939,32.9953315780281
53.9666835272469,22.527241199166,36.4986428149359,6.97279900074238,1176.90330517152,1454.50208419712,60.0323159302756,32.9183754633089
54.0238625092042,22.567324342966,36.5664236874681,6.98283160817926,1176.9601321893,1454.46150360514,59.9417282546216,32.7990680843833
54.0809646804536,22.6073536415497,36.6341211854582,6.97345130408299,1177.01688286918,1454.42097752663,59.851253634747,32.6243921091612
54.1382040617646,22.6474791260121,36.7019890108243,6.99020771914278,1177.07376991453,1454.38035406853,59.7605534073841,32.3722353412422
54.1952864965348,22.6874945890901,36.7696783405878,6.97104103887686,1177.13050097941,1454.33984199722,59.6700941415478,32.1551265267652
54.2523581285713,22.7275024793237,36.8373623993003,6.96972178365919,1177.18722130806,1454.29933759274,59.5796447256275,31.9939233202998
54.3094832173552,22.7675478433705,36.9051173623489,6.97625004722155,1177.24399476441,1454.25879524939,59.4891037612667,31.9007256755385
54.3666776377774,22.8076418097174,36.9729620414825,6.98471698979847,1177.30083712562,1454.21820370056,59.3984465176986,31.8790024704666
54.4238930443434,22.8477504875995,37.0408390652956,6.98727986694779,1177.3577003438,1454.17759725761,59.3077500642712,31.9240720096314
54.4809275815651,22.8877323739285,37.108508892351,6.96519167772494,1177.41438380597,1454.13711917976,59.2173348535251,31.963909499726
54.5380619972878,22.9277842762699,37.1763045657393,6.9773890749109,1177.47116653184,1454.09657021696,59.1267562873988,31.9981276305073
54.5950952683451,22.9677652750025,37.2439875112294,6.96503705075243,1177.52784873564,1454.05609303772,59.0363335106072,32.0270396467477
54.6523646497343,23.0079117898752,37.3119579445102,6.99387139917584,1177.5847655964,1454.01544828821,58.9455322634897,32.0501989536752
54.7094694161803,23.0479429077227,37.3797402369789,6.9737682355952,1177.6415188555,1453.97492036786,58.8549883455537,32.0681746713043
54.7665416224083,23.0879512004713,37.4474910584746,6.96979190525482,1177.69823975481,1453.93441555587,58.7644928450606,32.0807924168124
54.8238256836054,23.1281080060634,37.5155005507163,6.99566413182183,1177.75517120501,1453.89376038793,58.6736586489147,32.0877488110417
54.8809987728577,23.1681870190072,37.583385423252,6.98211197718512,1177.81199236636,1453.85318397808,58.5829981043205,32.0894645019618
54.9381809281334,23.208272387341,37.6512881463934,6.98321914129192,1177.86882253792,1453.81260113397,58.4923213251187,32.0857849892853
54.9954465089863,23.2484162379927,37.7192969995265,6.99340726875002,1177.92573562154,1453.77195908175,58.4015108462831,32.0469597196543
55.0526156726056,23.2884924990213,37.7871983601122,6.98163256967673,1177.98255288142,1453.73138545796,58.3108523135915,31.9764795678368
55.1097362045363,23.32853466866,37.8550489199905,6.97569355360232,1178.03932180896,1453.69084634866,58.2202704061009,31.8699316414167
55.1668816906203,23.3685943314561,37.9229360463084,6.97874101346708,1178.09611553705,1453.6502895291,58.129648884765,31.7149418730633
55.223981861785,23.4086222279565,37.9907762207408,6.97320704901475,1178.15286422916,1453.60976487007,58.0390996352331,31.4909274424037
55.2810820321819,23.4486501239191,38.0586232356227,6.97320695529226,1178.2096129205,1453.56924021158,57.9485512504149,31.1679140863065
55.3382850701164,23.4887501312442,38.1265993019958,6.98576938063139,1178.26646384618,1453.5286425468,57.857841059786,30.8687299560795
55.3954398553249,23.5288163128364,38.1945248125564,6.97987664436223,1178.32326681615,1453.48807912754,57.767209159156,30.6228532830898
55.4526948922906,23.5689527720983,38.2625762302333,6.99211962447735,1178.38016942079,1453.44744455844,57.6764205184096,30.4501474099277
55.5099445681922,23.6090854731906,38.3306280079595,6.99146491873311,1178.43706669735,1453.40681379415,57.5856430675736,30.3616109024119
55.5671092007679,23.6491585579043,38.3985853770673,6.98107922799652,1178.49387945408,1453.3662433861,57.4950036021404,30.3592093728611
55.6243970022689,23.6893179854935,38.4666958316236,6.99612090651994,1178.55081462157,1453.32558556363,57.4041724422355,30.4360588411445
55.6815771838892,23.7294019702714,38.5346849503339,6.98297811382683,1178.60764283162,1453.28500412024,57.3135159648179,30.5062877988268
55.738895788911,23.7695829914938,38.6028452570127,6.99988270482514,1178.66460861302,1453.24432443615,57.2226445390852,30.5695657611374
55.7961710357859,23.8097336181416,38.6709605680515,6.99458770608995,1178.72153130316,1453.20367552384,57.1318468237907,30.6262155527172
55.8533148275047,23.8497920931674,38.7389260484729,6.9785340935702,1178.77832334732,1453.16311990679,57.0412629090575,30.6763946682344
55.9105195052761,23.8898932500373,38.8069704181071,6.98596964135882,1178.83517590274,1453.12252107819,56.9505883405513,30.7198521243495
55.9675888823955,23.9298995595474,38.8748602684384,6.96944640787784,1178.89189399035,1453.08201827406,56.8601345318946,30.7568850951873
56.0246366377826,23.969890711967,38.942730772147,6.96680591113865,1178.94859058932,1453.04153081512,56.7697217285684,30.7873479960632
56.0818048226486,24.009966286878,39.0107509126976,6.98151304203086,1179.00540687647,1453.00095788596,56.6791252678234,30.8110684041787
56.1389449429959,24.0500221882287,39.0787439904298,6.97808573705959,1179.06219527185,1452.96040487453,56.5885809422386,30.8282524903021
56.1960198110013,24.0900323469148,39.1466657058162,6.97011696777307,1179.11891881655,1452.91989817345,56.4981481112775,30.8389447174704
56.2531967325223,24.1301140463247,39.2147151338423,6.98257998286979,1179.17574378658,1452.87931904379,56.4075621444447,30.8429355593013
56.3103866254355,24.170204838834,39.2827862392604,6.98416407974204,1179.23258164815,1452.83873070819,56.3169646527912,30.840328826858
56.3674219699668,24.2101872910966,39.3506795738425,6.96529026826844,1179.28926591266,1452.79825205737,56.2266214289884,30.8049387201472
56.4246488475915,24.2503040103268,39.418807077524,6.98868073960068,1179.34614053129,1452.75763747329,56.1359847446407,30.7408563200311
56.4817376598014,24.2903239440653,39.4867763464028,6.97181986678741,1179.40287793436,1452.71712087584,56.0455770855408,30.6452812924953
56.5389101841796,24.3304025610259,39.5548513858387,6.98204299346893,1179.45969853431,1452.67654486688,55.95504767277,30.5068528748005
56.5959987277874,24.3704223064715,39.62283249326,6.9717870644643,1179.51643567043,1452.63602846007,55.8646624869607,30.3063738346006
56.6533159193248,24.4106023368244,39.6910919390001,6.99971008680295,1179.57340004705,1452.59534977914,55.7739270541,30.0150415357493
56.7104764739052,24.4506725628147,39.7591708649107,6.98058121359674,1179.63020875088,1452.55478226529,55.6834517677563,29.5945986539245
56.7676264863319,24.4907353986307,39.827243214461,6.97929378106142,1179.68700697745,1452.51422223333,55.5930057805756,29.187503005685
56.8247874771676,24.5308059304412,39.8953345906084,6.98063449013862,1179.74381611485,1452.47365440987,55.5025554823473,28.8316523898162
56.8818352075887,24.5707970653592,39.9632969511852,6.96680286221206,1179.80051268901,1452.43316696865,55.4122978770611,28.5556579121634
56.9390770403217,24.6109242682975,40.0314964472631,6.99050709258183,1179.85740217069,1452.39254177074,55.3217471498465,28.3774263786896
56.9963119952271,24.6510466497972,40.0996936244168,6.9896671561047,1179.91428481688,1452.35192145412,55.2312217477147,28.3057970077576
57.0534106609792,24.6910734909856,40.1677342333208,6.97302320449613,1179.97103201284,1452.31139786349,55.140926745792,28.3400410628448
57.1104436598258,24.7310542988955,40.2357023693692,6.96500380776008,1180.0277139461,1452.27092087744,55.0507508285771,28.3725301180182
57.1677494628756,24.7712263457838,40.3040014019634,6.9983192979265,1180.08466700433,1452.23025027906,54.969089159634,28.4027002375369
57.2247961071615,24.8112167193082,40.3719972922084,6.96667022085865,1180.14136249904,1452.18976360868,54.9690891596325,28.4314557461989
57.2818474970634,24.8512104195658,40.4400045297502,6.96724976660684,1180.19806271015,1452.14927357028,54.9690891596303,28.4583553301567
57.3389068953168,24.8912097337723,40.5080269771211,6.96822776531451,1180.25477088032,1452.10877784826,54.9690891596318,28.4833994340724
57.3960857000013,24.9312927533018,40.5761974261472,6.9828099592065,1180.31159772192,1452.0681973821,54.9690891596325,28.5064152588043
57.4531402436756,24.9712886643912,40.6442253394402,6.96763491272577,1180.3683010674,1452.02770510543,54.9690891596303,28.5277986566964
57.5102940564639,25.0113541643054,40.7123772070421,6.97975789011223,1180.42510307094,1451.98714237631,54.9690891596318,28.5471972772392
57.5675576006349,25.0514965872192,40.7806655070264,6.99315854440443,1180.48201413041,1451.94650176955,54.9690891596303,28.5646035972346
57.6248577150395,25.0916646462999,40.8490029861385,6.99762458721991,1180.53896153501,1451.90583520846,54.9690891596303,28.5801375047722
57.6821196695476,25.1318059548408,40.9173004913488,6.99296441100538,1180.5958710146,1451.8651957299,54.9690891596325,28.5939150857408
57.7394034780258,25.171962583274,40.9856295723659,6.99563326918986,1180.65280221364,1451.82454074132,54.9690891596303,28.6058461912424
57.796461503734,25.2119609353101,41.0536947872572,6.96806014685426,1180.70950901972,1451.78404599341,54.9690891596318,28.6162955956776
57.8536241618348,25.2520326358933,41.1218902477975,6.98083810048527,1180.76631981412,1451.74347698667,54.9690891596318,28.6247724508383
57.9106874799472,25.2920346979676,41.1899725873441,6.96870646769996,1180.82303188002,1451.70297848268,54.9690891596318,28.6315734717656
57.9678563791745,25.3321107736544,41.258186271713,6.98160028150305,1180.87984887714,1451.66240504654,54.9690891596318,28.6364030039791
58.025165121559,25.3722848810512,41.3265721901343,6.99867825640598,1180.93680485661,1451.62173236207,54.9690891596318,28.6392174853979
58.0824749502385,25.4124597499535,41.3949647586915,6.99881091728457,1180.99376191568,1451.58105890665,54.969089159634,28.6402129858627
58.1396335634051,25.4525286149899,41.4631821756302,6.98034412362496,1181.05056869005,1451.54049277065,54.9690891596325,28.6395932742944
58.1968069687429,25.4926078495137,41.5314225219504,6.98215057830676,1181.10739016554,1451.49991613647,54.9690891596303,28.5787508643644
58.2540362999997,25.5327262887689,41.5997348773593,6.98898038291256,1181.16426722269,1451.45929981101,54.9690891596303,28.4555664413959
58.3113229901621,25.5728849372969,41.6681209420641,6.99598518722923,1181.22120128568,1451.41864277727,54.9690891596303,28.259653047191
58.3684330435377,25.6129197613444,41.7363013414005,6.97441388785024,1181.27795979917,1451.37811110471,54.9690891596303,27.9718737740292
58.4255094800911,25.6529310196011,41.8044467646107,6.9703085225285,1181.33468490276,1451.33760329041,54.9690891596303,27.7462507210309
58.4827154318253,25.6930330695342,41.8727519680503,6.98612522068899,1181.39153872431,1451.29700355767,54.9690891596318,27.5999705301278
58.5399696522886,25.7331689564184,41.9411199404273,6.99201991130132,1181.44844051746,1451.25636956805,54.9690891596303,27.5411774010808
58.5970429894477,25.773178041963,42.0092770057123,6.96993001722731,1181.50516254074,1451.21586395343,54.969089159634,27.5692381290037
58.654280747135,25.8133023882461,42.0776354992189,6.9900094384118,1181.56204797245,1451.17524164764,54.9690891596303,27.5947683053731
58.7113843644718,25.8533327005543,42.1458388320309,6.97362790366868,1181.61880008952,1451.13471454282,54.9690891596303,27.6182250419582
58.7685642379465,25.8934164693184,42.2141382650363,6.98294048238778,1181.67562799333,1451.09413331812,54.9690891596303,27.6392919741631
58.8256670555355,25.9334462209938,42.2823506478022,6.97353023657808,1181.73237931557,1451.05360678089,54.9690891596318,27.6581963772414
58.8828383147535,25.973523951062,42.3506497596342,6.98188848910737,1181.78919865815,1451.01303166984,54.9690891596318,27.6747252371159
58.9399204486607,26.0135392032315,42.4188473380075,6.97100429680315,1181.84592942402,1450.97251981206,54.9690891596303,27.6891035542875
58.9969854782997,26.0535424651062,42.4870293908726,6.96891548335087,1181.90264319091,1450.93202009338,54.9690891596303,27.7012240193575
59.054156604101,26.0936201016476,42.5553431075488,6.98187219594955,1181.9594624009,1450.89144507701,54.9690891596325,27.710914332021
59.1112075887755,26.1336135178358,42.6235181320682,6.9672002793022,1182.01616220928,1450.85095532621,54.9690891596325,27.7184825949787
59.1683629157033,26.1736800791797,42.6918226931249,6.979942800391,1182.07296571764,1450.81039152249,54.9690891596325,27.7236191480946
59.2255950796039,26.2138005041522,42.760223919783,6.98932631203555,1182.12984559,1450.76977318667,54.9690891596318,27.7263612844909
59.2826671378608,26.2538086931712,42.8284385955885,6.96977383468649,1182.18656634224,1450.7292684797,54.9690891596318,27.7270134447527
59.3397389292609,26.2938166951207,42.8966577227761,6.96974124551052,1182.24328682928,1450.68876396211,54.9690891596318,27.7253567741655
59.3969550894209,26.3339259012812,42.9650541826309,6.98737189765088,1182.30015079641,1450.64815698434,54.9690891596303,27.6712121067508
59.4542674860376,26.3741025703379,43.0335704448647,6.99912451981101,1182.35711040762,1450.60748170642,54.9690891596325,27.5635448427765
59.5114597454284,26.414195021776,43.1019478118126,6.984453079534,1182.4139506211,1450.5668916913,54.9690891596318,27.3932103661111
59.5687254730432,26.4543389753097,43.1704177241069,6.99342519168975,1182.47086385058,1450.52624953492,54.9690891596303,27.1415587252249
59.6258580033729,26.4943895559683,43.2387330519651,6.97715882628108,1182.52764470266,1450.48570191021,54.9690891596325,26.7804344067504
59.6829665018176,26.5344232899909,43.3070242868331,6.97422399602714,1182.58440167079,1450.44517134121,54.9690891596318,26.269346774071
59.7402041679582,26.5745475720987,43.3754746179747,6.98999825852807,1182.64128701152,1450.40454910039,54.9690891596303,25.7999701906584
59.7974425787392,26.6146723762081,43.4439304585605,6.99008919573156,1182.69817309231,1450.36392633108,54.9690891596318,25.4103769183928
59.854626428092,26.65475893211,43.5123256355131,6.98342602596036,1182.75500494753,1450.32334228466,54.9690891596303,25.1278099323461
59.91182719188,26.6948573452314,43.5807456119266,6.98549165652366,1182.81185361306,1450.28274623387,54.9690891596303,24.9681688069061
59.9688656130821,26.7348419542764,43.6489759329801,6.96566599851707,1182.8685409353,1450.24226539951,54.9690891596303,24.9369174294433
